./C10F10N2Ne100A0.373056391827R0_1.arff
nmi
{'labelPropag': 2.7, 'fastGreedy': 4.5, 'walktrap': 5.5, 'leadingEigen': 7.0, 'infoMap': 1.5, 'multilevel': 2.0, 'edgeBetweeness': 4.4}
rand
{'labelPropag': 2.6, 'fastGreedy': 4.0, 'walktrap': 6.2, 'leadingEigen': 5.4, 'infoMap': 1.0, 'multilevel': 2.0, 'edgeBetweeness': 5.2}
[3, 4, 5, 6, 7, 8, 9, 10]
{'rand': {'EM': [0.8058433433433433, 0.7971783783783783, 0.7999651651651651, 0.8062770770770771, 0.8029573573573572, 0.7884272272272271, 0.7877269269269271, 0.7970570570570571], 'infoMap': [0.9072282282282281, 0.908746946946947, 0.9094396396396396, 0.9092526526526526, 0.9100962962962962, 0.9096804804804804, 0.9089087087087089, 0.9080210210210209], 'multilevel': [0.9118611111111111, 0.9085545545545546, 0.9066556556556555, 0.9022856856856857, 0.8969071071071071, 0.8907353353353352, 0.8859711711711713, 0.8821043043043044], 'labelPropag': [0.9055210210210212, 0.9065555555555557, 0.9060460460460462, 0.9045269269269269, 0.9006762762762763, 0.8752204204204205, 0.8691395395395396, 0.785801001001001], 'fastGreedy': [0.888222972972973, 0.8723515515515518, 0.8442008008008008, 0.8216522522522522, 0.796306106106106, 0.7795055055055056, 0.7605873873873874, 0.7478536536536537], 'edgeBetweeness': [0.8606078578578578, 0.7874430430430429, 0.724905105105105, 0.6853263263263264, 0.6774762762762763, 0.686702102102102, 0.6566266266266265, 0.6993317317317317], 'walktrap': [0.4538526026026026, 0.5686840840840841, 0.6034234234234235, 0.5826048048048048, 0.6178124124124124, 0.6253559559559558, 0.654622022022022, 0.6421833833833833], 'leadingEigen': [0.6782842842842842, 0.6993495495495496, 0.7176798798798799, 0.6969457457457457, 0.7204028028028028, 0.7159113113113114, 0.7075083083083082, 0.7117385385385385], 'kmeans': [0.8172362362362361, 0.8173033033033033, 0.8173033033033033, 0.8173033033033033, 0.8173033033033033, 0.8173033033033033, 0.8173033033033033, 0.8173033033033033]}, 'nmi': {'EM': [0.20770000782497064, 0.2108596673030732, 0.21085330979723405, 0.21201998947039838, 0.21302067525739724, 0.2120493399799359, 0.21083632757961884, 0.2170036133656214], 'infoMap': [0.5918061700652514, 0.5994852421705771, 0.5994295537709058, 0.593599366845369, 0.5939428376573239, 0.5880695670282896, 0.5786540127563957, 0.5761155883007633], 'multilevel': [0.6107560480068549, 0.5916697811238372, 0.5873061825103008, 0.56556879418432, 0.5434811813471471, 0.5227316557318946, 0.4990100587552259, 0.4840953152248583], 'labelPropag': [0.5737752599093123, 0.5790248795938993, 0.5764902317631565, 0.5665440372737583, 0.5587720015209061, 0.5441649900367981, 0.5311295782082135, 0.4716269286450074], 'fastGreedy': [0.5495431284434924, 0.4935892176270392, 0.45562967702466495, 0.4222634131818218, 0.3786527951104207, 0.3580032628348638, 0.33716068839109287, 0.3193963281075332], 'edgeBetweeness': [0.5421479798314358, 0.4967333105476566, 0.4634300724238837, 0.41621519240100274, 0.39340290976404113, 0.3865732763821482, 0.37466794379924434, 0.37609643373874463], 'walktrap': [0.32537756390729894, 0.4016206438066693, 0.41970372454209615, 0.3878479271376358, 0.4009279031289096, 0.3935868685197233, 0.38879598500360496, 0.36549657446325295], 'leadingEigen': [0.2591855797842596, 0.27332728408118273, 0.2882027853915058, 0.2626315802595634, 0.24978540483779538, 0.23296367126107395, 0.2282202401795929, 0.2290222843792363], 'kmeans': [0.24930113620518304, 0.24913723303038343, 0.24913723303038343, 0.24913723303038343, 0.24913723303038343, 0.24913723303038343, 0.24913723303038343, 0.24913723303038343]}}
./C10F10N2Ne100A0.746112783654R0_1.arff
nmi
{'labelPropag': 2.7, 'fastGreedy': 2.0, 'walktrap': 3.9, 'leadingEigen': 7.0, 'infoMap': 3.3, 'multilevel': 1.4, 'edgeBetweeness': 1.8}
rand
{'labelPropag': 3.2, 'fastGreedy': 4.0, 'walktrap': 6.1, 'leadingEigen': 6.7, 'infoMap': 1.8, 'multilevel': 1.0, 'edgeBetweeness': 2.6}
[3, 4, 5, 6, 7, 8, 9, 10]
{'rand': {'EM': [0.7968188188188188, 0.8049741741741743, 0.8077543543543545, 0.7996286286286285, 0.8021625625625625, 0.8046982982982984, 0.8124558558558558, 0.8142574574574575], 'infoMap': [0.9094454454454453, 0.9113941941941942, 0.9128740740740741, 0.9146772772772774, 0.9156374374374373, 0.9172122122122122, 0.9169349349349349, 0.9176028028028028], 'multilevel': [0.9302369035702368, 0.9364446446446447, 0.9344912912912913, 0.9375497497497497, 0.9339263263263262, 0.9263565565565568, 0.920208008008008, 0.9166236236236236], 'labelPropag': [0.9079868757646535, 0.909369169169169, 0.9106086086086085, 0.9123099099099099, 0.9111511511511512, 0.9135531531531533, 0.9127413413413412, 0.9130118118118116], 'fastGreedy': [0.9398322767211654, 0.9091445445445444, 0.8857163163163163, 0.8668108108108108, 0.8387309309309309, 0.8261923923923924, 0.8003391391391391, 0.802212012012012], 'edgeBetweeness': [0.9309860972083194, 0.9181485485485483, 0.9135985985985986, 0.9076676676676676, 0.8978522522522521, 0.908408208208208, 0.8855143143143142, 0.8956794794794793], 'walktrap': [0.8193246579913245, 0.8570714714714713, 0.8550550550550551, 0.8526494494494494, 0.8411361361361361, 0.8451119119119118, 0.8270068068068067, 0.8239359359359358], 'leadingEigen': [0.760453119786453, 0.8054298298298299, 0.786688088088088, 0.7883583583583583, 0.756061261261261, 0.7553551551551552, 0.7742042042042041, 0.750811011011011], 'kmeans': [0.839841396952508, 0.8397605605605605, 0.8397605605605605, 0.8397605605605605, 0.8397605605605605, 0.8397605605605605, 0.8397605605605605, 0.8397605605605605]}, 'nmi': {'EM': [0.29269302365056626, 0.3005186437585769, 0.29387918781853345, 0.2924890736286237, 0.2993160713573384, 0.29623596261151924, 0.2936150773879307, 0.2913655270996214], 'infoMap': [0.6311991669438078, 0.6420192328573686, 0.6472020719902893, 0.6550948877300413, 0.6562406766818745, 0.6607203003665372, 0.6582905029140447, 0.659843553966116], 'multilevel': [0.7293764534266927, 0.7436117841440287, 0.7356271011306998, 0.7449463145539126, 0.7270286494204925, 0.6984635488827956, 0.6749757867683451, 0.6669443362326989], 'labelPropag': [0.6130576541312768, 0.6236929033261263, 0.6325202448953332, 0.6418760341896159, 0.6333492453934517, 0.6442776910089427, 0.6381044703699581, 0.6462424058836663], 'fastGreedy': [0.7685638226003005, 0.6844963077713773, 0.646381617042599, 0.6185430507367642, 0.5843365101674267, 0.5587984084181514, 0.5198585466510901, 0.5294506858899395], 'edgeBetweeness': [0.7679384562232934, 0.7481006468200486, 0.7408091618473189, 0.7184412453615567, 0.700719621399206, 0.7014648764294982, 0.651030491802985, 0.6565297958024188], 'walktrap': [0.6333417480698783, 0.674383740643383, 0.6649081610543773, 0.668321396786075, 0.636707964338535, 0.6344713007254942, 0.5980574283567776, 0.5847004887664835], 'leadingEigen': [0.48602322864909375, 0.5257228158209144, 0.5275541667765198, 0.5050442779588167, 0.4849635391548463, 0.4650446257531297, 0.47108187394621776, 0.45371945035622485], 'kmeans': [0.33791733008698166, 0.3408475509126629, 0.3408475509126629, 0.3408475509126629, 0.3408475509126629, 0.3408475509126629, 0.3408475509126629, 0.3408475509126629]}}
