./C2F10N2Ne5A0.05R0_1.arff
nmi
{'fastGreedy': 1.3, 'edgeBetweeness': 6.4, 'labelPropag': 6.4, 'leadingEigen': 6.4, 'EM': 3.1, 'kmeans': 4.1, 'infoMap': 5.7, 'multilevel': 1.3, 'walktrap': 1.0}
rand
{'fastGreedy': 1.3, 'edgeBetweeness': 7.0, 'labelPropag': 7.0, 'leadingEigen': 7.0, 'EM': 3.7, 'kmeans': 4.7, 'infoMap': 5.3, 'multilevel': 1.3, 'walktrap': 1.0}
[2, 3, 4, 5, 6, 7, 8, 9]
{'nmi': {'fastGreedy': [0.3824692626188234, 0.31931804797735774, 0.37910766010128477, 0.2769289019203188, 0.30744319669103837, 0.5973518684773972, 0.2688320845497124, 0.4207914918051402], 'edgeBetweeness': [0.0, 0.0, 0.0, 0.0, 0.0, 0.0, 0.0, 0.0], 'labelPropag': [0.0, 0.0, 0.0, 0.0, 0.0, 0.0, 0.0, 0.0], 'leadingEigen': [0.0, 0.0, 0.0, 0.0, 0.0, 0.0, 0.0, 0.0], 'EM': [0.1443260726376683, 0.1443260726376683, 0.1443260726376683, 0.1443260726376683, 0.1443260726376683, 0.1443260726376683, 0.1443260726376683, 0.1443260726376683], 'kmeans': [0.13219585437591838, 0.13219585437591838, 0.13219585437591838, 0.13219585437591838, 0.13219585437591838, 0.13219585437591838, 0.13219585437591838, 0.13219585437591838], 'infoMap': [0.028930656773055896, 0.0, 0.0, 0.0, 0.0, 0.0, 0.0, 0.0], 'multilevel': [0.38826537830186936, 0.33360025022431694, 0.34655195305501174, 0.2932083022251172, 0.2974951486839018, 0.5973518684773972, 0.16587454998400522, 0.4207914918051402], 'walktrap': [0.402287813840055, 0.2885891406044146, 0.3606831073153387, 0.26891362936822655, 0.2961893749492242, 0.621110525290917, 0.2688320845497124, 0.4207914918051402]}, 'rand': {'fastGreedy': [0.6533333333333334, 0.628888888888889, 0.6622222222222225, 0.6066666666666668, 0.6288888888888889, 0.7755555555555557, 0.5511111111111112, 0.6444444444444447], 'edgeBetweeness': [0.0, 0.0, 0.0, 0.0, 0.0, 0.0, 0.0, 0.0], 'labelPropag': [0.0, 0.0, 0.0, 0.0, 0.0, 0.0, 0.0, 0.0], 'leadingEigen': [0.0, 0.0, 0.0, 0.0, 0.0, 0.0, 0.0, 0.0], 'EM': [0.5021111111111112, 0.5021111111111112, 0.5021111111111112, 0.5021111111111112, 0.5021111111111112, 0.5021111111111112, 0.5021111111111112, 0.5021111111111112], 'kmeans': [0.5000000000000001, 0.5000000000000001, 0.5000000000000001, 0.5000000000000001, 0.5000000000000001, 0.5000000000000001, 0.5000000000000001, 0.5000000000000001], 'infoMap': [0.46444444444444455, 0.44444444444444453, 0.44444444444444453, 0.44444444444444453, 0.44444444444444453, 0.44444444444444453, 0.44444444444444453, 0.44444444444444453], 'multilevel': [0.6577777777777778, 0.6377777777777779, 0.6577777777777778, 0.6200000000000001, 0.6222222222222223, 0.7755555555555557, 0.5355555555555556, 0.6444444444444447], 'walktrap': [0.668888888888889, 0.6044444444444446, 0.6555555555555557, 0.5911111111111113, 0.6088888888888889, 0.7822222222222223, 0.5511111111111112, 0.6444444444444447]}}
{'nmi': {'before': [0.233217005119675, 0.1677354243454279, 0.13618282624680014, 0.1325705531034784, 0.18400654126061344, 0.22361522642165665, 0.14708219223672467, 0.14708219223672467], 'after': [0.4258616456930855, 0.34284166730623067, 0.4526944680253065, 0.37900248178428636, 0.3639985096755973, 0.621110525290917, 0.2688320845497124, 0.4207914918051402]}, 'rand': {'before': [0.5711111111111112, 0.5444444444444446, 0.5311111111111113, 0.5200000000000002, 0.5644444444444445, 0.5066666666666666, 0.4666666666666668, 0.4666666666666668], 'after': [0.668888888888889, 0.6130088115128568, 0.6755555555555557, 0.6266666666666668, 0.6088888888888889, 0.7822222222222223, 0.5511111111111112, 0.6444444444444447]}}
---------------------------------------------------------------------------------------------------
./C2F10N2Ne5A0.15R0_1.arff
nmi
{'fastGreedy': 1.2, 'edgeBetweeness': 6.4, 'labelPropag': 6.4, 'leadingEigen': 6.4, 'EM': 4.7, 'kmeans': 3.7, 'infoMap': 5.3, 'multilevel': 1.6, 'walktrap': 1.0}
rand
{'fastGreedy': 1.4, 'edgeBetweeness': 7.0, 'labelPropag': 7.0, 'leadingEigen': 7.0, 'EM': 5.1, 'kmeans': 4.1, 'infoMap': 5.1, 'multilevel': 1.2, 'walktrap': 1.0}
[2, 3, 4, 5, 6, 7, 8, 9]
{'nmi': {'fastGreedy': [0.4497307266202992, 0.449121711409055, 0.42639821963329033, 0.5076515774397852, 0.5483955290354878, 0.5668579985891011, 0.24146115459287087, 0.4207914918051402], 'edgeBetweeness': [0.0, 0.0, 0.0, 0.0, 0.0, 0.0, 0.0, 0.0], 'labelPropag': [0.0, 0.0, 0.0, 0.0, 0.0, 0.0, 0.0, 0.0], 'leadingEigen': [0.0, 0.0, 0.0, 0.0, 0.0, 0.0, 0.0, 0.0], 'EM': [0.18044481487643882, 0.18044481487643882, 0.18044481487643882, 0.18044481487643882, 0.18044481487643882, 0.18044481487643882, 0.18044481487643882, 0.18044481487643882], 'kmeans': [0.18438523215503583, 0.18438523215503583, 0.18438523215503583, 0.18438523215503583, 0.18438523215503583, 0.18438523215503583, 0.18438523215503583, 0.18438523215503583], 'infoMap': [0.08542591960601577, 0.0, 0.0, 0.0, 0.0, 0.0, 0.0, 0.0], 'multilevel': [0.4882283060060481, 0.4559027796056985, 0.4361279184384621, 0.5274701286610168, 0.551300469590021, 0.5317490999680103, 0.1237954008034912, 0.4207914918051402], 'walktrap': [0.4878330262185536, 0.44468196801031307, 0.4939450290523538, 0.48120164137383564, 0.5517571315530265, 0.5866765498103327, 0.24146115459287087, 0.4207914918051402]}, 'rand': {'fastGreedy': [0.6822222222222224, 0.6977777777777778, 0.68, 0.7177777777777778, 0.7511111111111112, 0.74, 0.5333333333333334, 0.6444444444444447], 'edgeBetweeness': [0.0, 0.0, 0.0, 0.0, 0.0, 0.0, 0.0, 0.0], 'labelPropag': [0.0, 0.0, 0.0, 0.0, 0.0, 0.0, 0.0, 0.0], 'leadingEigen': [0.0, 0.0, 0.0, 0.0, 0.0, 0.0, 0.0, 0.0], 'EM': [0.5232222222222223, 0.5232222222222223, 0.5232222222222223, 0.5232222222222223, 0.5232222222222223, 0.5232222222222223, 0.5232222222222223, 0.5232222222222223], 'kmeans': [0.5288888888888891, 0.5288888888888891, 0.5288888888888891, 0.5288888888888891, 0.5288888888888891, 0.5288888888888891, 0.5288888888888891, 0.5288888888888891], 'infoMap': [0.49555555555555564, 0.44444444444444453, 0.44444444444444453, 0.44444444444444453, 0.44444444444444453, 0.44444444444444453, 0.44444444444444453, 0.44444444444444453], 'multilevel': [0.6955555555555557, 0.7022222222222223, 0.6866666666666668, 0.7333333333333334, 0.7533333333333334, 0.7377777777777779, 0.5155555555555557, 0.6444444444444447], 'walktrap': [0.7022222222222224, 0.6844444444444446, 0.7111111111111112, 0.6977777777777778, 0.7422222222222222, 0.7555555555555555, 0.5333333333333334, 0.6444444444444447]}}
{'nmi': {'before': [0.3481801616336587, 0.16785711006039222, 0.27050837362192887, 0.20574247665562156, 0.20037716910227607, 0.13033295374903484, 0.14708219223672467, 0.14708219223672467], 'after': [0.5263306056043026, 0.4940050792039529, 0.5036747278575255, 0.5274701286610168, 0.5663725558123793, 0.5866765498103327, 0.24146115459287087, 0.4207914918051402]}, 'rand': {'before': [0.6222222222222223, 0.5488888888888891, 0.5911111111111113, 0.5622222222222224, 0.5555555555555558, 0.4866666666666667, 0.4666666666666668, 0.4666666666666668], 'after': [0.7022222222222224, 0.6844444444444446, 0.7111111111111112, 0.7063421448461902, 0.7422222222222222, 0.7555555555555555, 0.5333333333333334, 0.6444444444444447]}}
---------------------------------------------------------------------------------------------------
./C2F10N2Ne5A0.1R0_1.arff
nmi
{'fastGreedy': 1.1, 'edgeBetweeness': 6.3, 'labelPropag': 6.3, 'leadingEigen': 6.3, 'EM': 3.6, 'kmeans': 4.6, 'infoMap': 5.7, 'multilevel': 1.9, 'walktrap': 1.6}
rand
{'fastGreedy': 1.1, 'edgeBetweeness': 7.0, 'labelPropag': 7.0, 'leadingEigen': 7.0, 'EM': 3.9, 'kmeans': 5.1, 'infoMap': 5.6, 'multilevel': 1.7, 'walktrap': 1.4}
[2, 3, 4, 5, 6, 7, 8, 9]
{'nmi': {'fastGreedy': [0.41564021672981744, 0.3963882995306623, 0.5991481560142325, 0.37863439022318285, 0.5036747278575255, 0.6357259495502701, 0.14708219223672467, 0.4207914918051402], 'edgeBetweeness': [0.0, 0.0, 0.0, 0.0, 0.0, 0.0, 0.0, 0.0], 'labelPropag': [0.0, 0.0, 0.0, 0.0, 0.0, 0.0, 0.0, 0.0], 'leadingEigen': [0.0, 0.0, 0.0, 0.0, 0.0, 0.0, 0.0, 0.0], 'EM': [0.17587970206716724, 0.17587970206716724, 0.17587970206716724, 0.17587970206716724, 0.17587970206716724, 0.17587970206716724, 0.17587970206716724, 0.17587970206716724], 'kmeans': [0.16142092670840183, 0.16142092670840183, 0.16142092670840183, 0.16142092670840183, 0.16142092670840183, 0.16142092670840183, 0.16142092670840183, 0.16142092670840183], 'infoMap': [0.03477420701537833, 0.0, 0.0, 0.0, 0.0, 0.0, 0.0, 0.0], 'multilevel': [0.4422398361476925, 0.38722912601265735, 0.5843190704527763, 0.3313521140807902, 0.5433118302999886, 0.5437145888403021, 0.0, 0.4207914918051402], 'walktrap': [0.4889049352462801, 0.4258328093514715, 0.6261349310762054, 0.3638053046617266, 0.5678706146666167, 0.5635331400615338, 0.14708219223672467, 0.4207914918051402]}, 'rand': {'fastGreedy': [0.6666666666666667, 0.6755555555555557, 0.7711111111111112, 0.6288888888888888, 0.7177777777777778, 0.7933333333333333, 0.4666666666666668, 0.6444444444444447], 'edgeBetweeness': [0.0, 0.0, 0.0, 0.0, 0.0, 0.0, 0.0, 0.0], 'labelPropag': [0.0, 0.0, 0.0, 0.0, 0.0, 0.0, 0.0, 0.0], 'leadingEigen': [0.0, 0.0, 0.0, 0.0, 0.0, 0.0, 0.0, 0.0], 'EM': [0.5127777777777778, 0.5127777777777778, 0.5127777777777778, 0.5127777777777778, 0.5127777777777778, 0.5127777777777778, 0.5127777777777778, 0.5127777777777778], 'kmeans': [0.5000000000000001, 0.5000000000000001, 0.5000000000000001, 0.5000000000000001, 0.5000000000000001, 0.5000000000000001, 0.5000000000000001, 0.5000000000000001], 'infoMap': [0.46222222222222226, 0.44444444444444453, 0.44444444444444453, 0.44444444444444453, 0.44444444444444453, 0.44444444444444453, 0.44444444444444453, 0.44444444444444453], 'multilevel': [0.6866666666666668, 0.6555555555555557, 0.7711111111111113, 0.6044444444444446, 0.7488888888888889, 0.7422222222222223, 0.44444444444444453, 0.6444444444444447], 'walktrap': [0.7000000000000002, 0.6866666666666668, 0.8022222222222224, 0.6288888888888889, 0.7555555555555555, 0.7577777777777779, 0.4666666666666668, 0.6444444444444447]}}
{'nmi': {'before': [0.35585053044723775, 0.23058350505719272, 0.17252296527186223, 0.10525125769267749, 0.16085480698633106, 0.15931611370697696, 0.14708219223672467, 0.14708219223672467], 'after': [0.4889049352462801, 0.47148328942748857, 0.6290398716307386, 0.3984529414444145, 0.5824860389259696, 0.6555445007715016, 0.14708219223672467, 0.4207914918051402]}, 'rand': {'before': [0.6266666666666667, 0.5822222222222224, 0.5333333333333334, 0.497777777777778, 0.5155555555555555, 0.4977777777777779, 0.4666666666666668, 0.4666666666666668], 'after': [0.7000000000000002, 0.6866666666666668, 0.8022222222222224, 0.6288888888888889, 0.7555555555555555, 0.7777777777777779, 0.4666666666666668, 0.6444444444444447]}}
---------------------------------------------------------------------------------------------------
./C2F50N2Ne5A0.1R0_1.arff
nmi
{'fastGreedy': 1.2, 'edgeBetweeness': 6.4, 'labelPropag': 6.4, 'leadingEigen': 6.4, 'EM': 4.0, 'kmeans': 5.0, 'infoMap': 5.0, 'multilevel': 1.1, 'walktrap': 1.5}
rand
{'fastGreedy': 1.2, 'edgeBetweeness': 7.0, 'labelPropag': 7.0, 'leadingEigen': 7.0, 'EM': 4.2, 'kmeans': 5.2, 'infoMap': 4.9, 'multilevel': 1.1, 'walktrap': 1.5}
[2, 3, 4, 5, 6, 7, 8, 9]
{'nmi': {'fastGreedy': [0.5472886798822484, 0.4980256188402075, 0.449121711409055, 0.3866586007254906, 0.47502563220202676, 0.6208387438162988, 0.3395084410666871, 0.4207914918051402], 'edgeBetweeness': [0.0, 0.0, 0.0, 0.0, 0.0, 0.0, 0.0, 0.0], 'labelPropag': [0.0, 0.0, 0.0, 0.0, 0.0, 0.0, 0.0, 0.0], 'leadingEigen': [0.0, 0.0, 0.0, 0.0, 0.0, 0.0, 0.0, 0.0], 'EM': [0.18253806616061613, 0.18253806616061613, 0.18253806616061613, 0.18253806616061613, 0.18253806616061613, 0.18253806616061613, 0.18253806616061613, 0.18253806616061613], 'kmeans': [0.16111447044197885, 0.16111447044197885, 0.16111447044197885, 0.16111447044197885, 0.16111447044197885, 0.16111447044197885, 0.16111447044197885, 0.16111447044197885], 'infoMap': [0.13845895959545676, 0.002904940554533123, 0.0, 0.0, 0.0, 0.0, 0.0, 0.0], 'multilevel': [0.6331013901600391, 0.5109715256237612, 0.5070425622285409, 0.3740239613657857, 0.40155937040243117, 0.573556467673906, 0.2237954008034912, 0.4207914918051402], 'walktrap': [0.5767331897030574, 0.49383628073354047, 0.459651537767335, 0.3595107333584117, 0.4047969448181929, 0.597315124487426, 0.3395084410666871, 0.4207914918051402]}, 'rand': {'fastGreedy': [0.748888888888889, 0.7222222222222222, 0.6977777777777778, 0.668888888888889, 0.7111111111111111, 0.7844444444444445, 0.5933333333333335, 0.6444444444444447], 'edgeBetweeness': [0.0, 0.0, 0.0, 0.0, 0.0, 0.0, 0.0, 0.0], 'labelPropag': [0.0, 0.0, 0.0, 0.0, 0.0, 0.0, 0.0, 0.0], 'leadingEigen': [0.0, 0.0, 0.0, 0.0, 0.0, 0.0, 0.0, 0.0], 'EM': [0.5203333333333334, 0.5203333333333334, 0.5203333333333334, 0.5203333333333334, 0.5203333333333334, 0.5203333333333334, 0.5203333333333334, 0.5203333333333334], 'kmeans': [0.5200000000000001, 0.5200000000000001, 0.5200000000000001, 0.5200000000000001, 0.5200000000000001, 0.5200000000000001, 0.5200000000000001, 0.5200000000000001], 'infoMap': [0.517777777777778, 0.44666666666666677, 0.44444444444444453, 0.44444444444444453, 0.44444444444444453, 0.44444444444444453, 0.44444444444444453, 0.44444444444444453], 'multilevel': [0.7822222222222224, 0.7222222222222222, 0.7333333333333334, 0.6600000000000001, 0.6822222222222223, 0.76, 0.5711111111111112, 0.6444444444444447], 'walktrap': [0.7600000000000001, 0.7066666666666668, 0.7044444444444445, 0.6466666666666667, 0.6733333333333336, 0.7666666666666667, 0.5933333333333335, 0.6444444444444447]}}
{'nmi': {'before': [0.4315545696507629, 0.2520545222406832, 0.28711889870728863, 0.233895706369816, 0.12248541381331983, 0.1851483503844644, 0.14708219223672467, 0.14708219223672467], 'after': [0.633778019400271, 0.5173080021511419, 0.5175723885868209, 0.38825885583170694, 0.5047969448181929, 0.6208387438162988, 0.3395084410666871, 0.4207914918051402]}, 'rand': {'before': [0.6644444444444446, 0.5866666666666668, 0.608888888888889, 0.5822222222222223, 0.5088888888888891, 0.4977777777777779, 0.4666666666666668, 0.4666666666666668], 'after': [0.7800000000000001, 0.7066666666666668, 0.74, 0.6466666666666667, 0.6933333333333336, 0.7666666666666667, 0.5933333333333335, 0.6444444444444447]}}
---------------------------------------------------------------------------------------------------
