./C2F10N2Ne100A0.15R0_1.arff
nmi
{'labelPropag': 7.0, 'edgeBetweeness': 7.0, 'fastGreedy': 1.6, 'multilevel': 2.2, 'leadingEigen': 7.0, 'kmeans': 6.0, 'EM': 5.0, 'walktrap': 1.3, 'infoMap': 3.7}
rand
{'labelPropag': 7.0, 'edgeBetweeness': 7.0, 'fastGreedy': 1.3, 'multilevel': 2.1, 'leadingEigen': 7.0, 'kmeans': 6.0, 'EM': 5.0, 'walktrap': 1.2, 'infoMap': 4.0}
[3, 4, 5, 6, 7, 8, 9, 10]
{'nmi': {'labelPropag': [0.0, 0.0, 0.0, 0.0, 0.0, 0.0, 0.0, 0.0], 'edgeBetweeness': [0.0, 0.0, 0.0, 0.0, 0.0, 0.0, 0.0, 0.0], 'fastGreedy': [0.5399133590551056, 0.47487128743679896, 0.6711022387878096, 0.6243955641285244, 0.6443540093275177, 0.571490298122732, 0.5889373911623756, 0.5964737357357338], 'multilevel': [0.4796967439031821, 0.43717029399449087, 0.5835565207184167, 0.4936658535702166, 0.5408435324963089, 0.5054788382179798, 0.5581662500682869, 0.5506247722363935], 'leadingEigen': [0.0, 0.0, 0.0, 0.0, 0.0, 0.0, 0.0, 0.0], 'kmeans': [0.003241298173675261, 0.003241298173675261, 0.003241298173675261, 0.003241298173675261, 0.003241298173675261, 0.003241298173675261, 0.003241298173675261, 0.003241298173675261], 'EM': [0.004722650704963238, 0.004722650704963238, 0.004722650704963238, 0.004722650704963238, 0.004722650704963238, 0.004722650704963238, 0.004722650704963238, 0.004722650704963238], 'walktrap': [0.6421948141968322, 0.6129180363176461, 0.6581682455981512, 0.6714259418316514, 0.7186843345890062, 0.6167059095019921, 0.6163714381747469, 0.5733472258318913], 'infoMap': [0.3929317922397021, 0.3479010190613333, 0.4421883680967965, 0.3868359575393704, 0.3996275308640463, 0.3730796800622519, 0.36774089236800633, 0.3772078369148191]}, 'rand': {'labelPropag': [0.0, 0.0, 0.0, 0.0, 0.0, 0.0, 0.0, 0.0], 'edgeBetweeness': [0.0, 0.0, 0.0, 0.0, 0.0, 0.0, 0.0, 0.0], 'fastGreedy': [0.7959748743718593, 0.7566733668341709, 0.8562462311557789, 0.8397587939698493, 0.853246231155779, 0.8043517587939698, 0.8276432160804019, 0.825819095477387], 'multilevel': [0.7575477386934674, 0.6965577889447238, 0.8027386934673366, 0.7342462311557789, 0.7879396984924624, 0.7552462311557788, 0.8033869346733666, 0.7814371859296483], 'leadingEigen': [0.0, 0.0, 0.0, 0.0, 0.0, 0.0, 0.0, 0.0], 'kmeans': [0.4996934673366834, 0.4996934673366834, 0.4996934673366834, 0.4996934673366834, 0.4996934673366834, 0.4996934673366834, 0.4996934673366834, 0.4996934673366834], 'EM': [0.5007552763819095, 0.5007552763819095, 0.5007552763819095, 0.5007552763819095, 0.5007552763819095, 0.5007552763819095, 0.5007552763819095, 0.5007552763819095], 'walktrap': [0.8324924623115578, 0.8231959798994974, 0.8343919597989948, 0.8501959798994975, 0.876964824120603, 0.820718592964824, 0.8360402010050251, 0.8069246231155779], 'infoMap': [0.5849547738693468, 0.5503115577889447, 0.6319597989949749, 0.5953115577889447, 0.6059497487437185, 0.5826331658291457, 0.5852713567839196, 0.5935979899497488]}}
{'nmi': {'after': [0.6709248568866434, 0.6941531232878468, 0.7068914480280392, 0.7080668796744558, 0.7268530421016963, 0.6658027691401843, 0.6678710455993121, 0.6964362142314868], 'before': [0.6398768906852054, 0.6522815567004417, 0.6419034369789806, 0.6856961418013707, 0.6539038639079275, 0.5760688452262318, 0.6095747344472763, 0.6024217510329737]}, 'rand': {'after': [0.7337374200598836, 0.745005938998113, 0.7448466599830823, 0.7631157187129409, 0.7523723845006114, 0.7053988746407822, 0.7126671515787141, 0.7286162906016582], 'before': [0.785105527638191, 0.8041356783919598, 0.8002361809045226, 0.8276582914572865, 0.8205678391959799, 0.7641909547738693, 0.8064371859296482, 0.7838442211055276]}}
---------------------------------------------------------------------------------------------------
./C2F10N2Ne50A0.216163808249R0_1.arff
nmi
{'labelPropag': 7.0, 'edgeBetweeness': 7.0, 'fastGreedy': 1.9, 'multilevel': 1.6, 'leadingEigen': 7.0, 'kmeans': 6.0, 'EM': 5.0, 'walktrap': 1.5, 'infoMap': 3.5}
rand
{'labelPropag': 7.0, 'edgeBetweeness': 7.0, 'fastGreedy': 1.5, 'multilevel': 1.8, 'leadingEigen': 7.0, 'kmeans': 6.0, 'EM': 5.0, 'walktrap': 1.7, 'infoMap': 3.9}
[3, 4, 5, 6, 7, 8, 9, 10]
{'nmi': {'labelPropag': [0.0, 0.0, 0.0, 0.0, 0.0, 0.0, 0.0, 0.0], 'edgeBetweeness': [0.0, 0.0, 0.0, 0.0, 0.0, 0.0, 0.0, 0.0], 'fastGreedy': [0.5784730710030566, 0.5284512425073797, 0.571602822098934, 0.5800660315966788, 0.4169217230717324, 0.5191258777167662, 0.5277623160034397, 0.4828028407314343], 'multilevel': [0.5220679667078751, 0.5222384681601019, 0.5013519641535306, 0.5664186229835597, 0.4619592234823651, 0.5050577498595832, 0.5013787345125436, 0.4791689612290092], 'leadingEigen': [0.0, 0.0, 0.0, 0.0, 0.0, 0.0, 0.0, 0.0], 'kmeans': [0.0032359933375101816, 0.0032359933375101816, 0.0032359933375101816, 0.0032359933375101816, 0.0032359933375101816, 0.0032359933375101816, 0.0032359933375101816, 0.0032359933375101816], 'EM': [0.01645153180980872, 0.01645153180980872, 0.01645153180980872, 0.01645153180980872, 0.01645153180980872, 0.01645153180980872, 0.01645153180980872, 0.01645153180980872], 'walktrap': [0.4672472739252977, 0.49218320515915226, 0.49894391647816755, 0.4836062593364165, 0.4084478518332345, 0.49171163490651376, 0.551471406735085, 0.4146184343872535], 'infoMap': [0.374234803404048, 0.38961036021018425, 0.3830996989304193, 0.39411368213928466, 0.3753792366134757, 0.36683847143700354, 0.3449060551719306, 0.32765096100815383]}, 'rand': {'labelPropag': [0.0, 0.0, 0.0, 0.0, 0.0, 0.0, 0.0, 0.0], 'edgeBetweeness': [0.0, 0.0, 0.0, 0.0, 0.0, 0.0, 0.0, 0.0], 'fastGreedy': [0.8097979797979797, 0.7821616161616161, 0.8149494949494949, 0.8235757575757574, 0.7398787878787878, 0.7881616161616162, 0.7947676767676767, 0.7600202020202019], 'multilevel': [0.7752525252525252, 0.762141414141414, 0.7618383838383838, 0.7836969696969696, 0.7298989898989898, 0.7704242424242423, 0.7667070707070707, 0.7563636363636362], 'leadingEigen': [0.0, 0.0, 0.0, 0.0, 0.0, 0.0, 0.0, 0.0], 'kmeans': [0.4971717171717172, 0.4971717171717172, 0.4971717171717172, 0.4971717171717172, 0.4971717171717172, 0.4971717171717172, 0.4971717171717172, 0.4971717171717172], 'EM': [0.5023686868686869, 0.5023686868686869, 0.5023686868686869, 0.5023686868686869, 0.5023686868686869, 0.5023686868686869, 0.5023686868686869, 0.5023686868686869], 'walktrap': [0.7508838383838384, 0.7606666666666667, 0.7654343434343434, 0.7583838383838383, 0.7123434343434344, 0.7575757575757575, 0.7886464646464646, 0.7175959595959595], 'infoMap': [0.5690656565656564, 0.5913535353535353, 0.595151515151515, 0.6069090909090907, 0.6065454545454545, 0.6158181818181818, 0.6116969696969696, 0.5981616161616161]}}
{'nmi': {'after': [0.6239349833805107, 0.595167438573912, 0.6028615895527526, 0.6425615703263979, 0.537845873240006, 0.5629045304775039, 0.5827902042009263, 0.5288410658993545], 'before': [0.49777529113420427, 0.4844567066934977, 0.5470728183830227, 0.47207220087872004, 0.4311100791749743, 0.42711089019560405, 0.39334447978584375, 0.3709143250326999]}, 'rand': {'after': [0.6739386002518553, 0.6486187687432305, 0.6786911694474458, 0.6844373776194592, 0.668002455209381, 0.6580109430860929, 0.6557863247431971, 0.6294315521825675], 'before': [0.7084343434343434, 0.6957979797979796, 0.7537979797979798, 0.6842424242424241, 0.6647474747474746, 0.679111111111111, 0.658222222222222, 0.6267676767676768]}}
---------------------------------------------------------------------------------------------------
./C2F50N2Ne100A0.120045493668R0_1.arff
nmi
{'labelPropag': 7.0, 'edgeBetweeness': 7.0, 'fastGreedy': 1.2, 'multilevel': 2.6, 'leadingEigen': 7.0, 'kmeans': 6.0, 'EM': 5.0, 'walktrap': 1.0, 'infoMap': 3.4}
rand
{'labelPropag': 7.0, 'edgeBetweeness': 7.0, 'fastGreedy': 1.2, 'multilevel': 2.6, 'leadingEigen': 7.0, 'kmeans': 6.0, 'EM': 5.0, 'walktrap': 1.0, 'infoMap': 3.4}
[3, 4, 5, 6, 7, 8, 9, 10]
{'nmi': {'labelPropag': [0.0, 0.0, 0.0, 0.0, 0.0, 0.0, 0.0, 0.0], 'edgeBetweeness': [0.0, 0.0, 0.0, 0.0, 0.0, 0.0, 0.0, 0.0], 'fastGreedy': [0.9677348912752801, 0.9302137253229112, 0.9821579556552947, 0.948072144796169, 0.9566501044459887, 0.9848257035252675, 0.9136671059588461, 0.9577881965185867], 'multilevel': [0.715699611674298, 0.7205039948740553, 0.6194156530120309, 0.7933934660631382, 0.7421322163200263, 0.8485995975409383, 0.776933841053305, 0.8393180875522143], 'leadingEigen': [0.0, 0.0, 0.0, 0.0, 0.0, 0.0, 0.0, 0.0], 'kmeans': [0.006322285977431378, 0.006322285977431378, 0.006322285977431378, 0.006322285977431378, 0.006322285977431378, 0.006322285977431378, 0.006322285977431378, 0.006322285977431378], 'EM': [0.01606953278135747, 0.01606953278135747, 0.01606953278135747, 0.01606953278135747, 0.01606953278135747, 0.01606953278135747, 0.01606953278135747, 0.01606953278135747], 'walktrap': [0.9437443745474233, 0.9683593207407011, 0.9756412740551257, 0.9777382259107587, 0.9720264098563878, 0.991913181139777, 0.9756904087372285, 0.9878697717096656], 'infoMap': [0.5216357547743338, 0.42121310089556446, 0.3996725596689857, 0.4634429733529985, 0.5412979932317672, 0.564390881767985, 0.5272719248696316, 0.5446685840220225]}, 'rand': {'labelPropag': [0.0, 0.0, 0.0, 0.0, 0.0, 0.0, 0.0, 0.0], 'edgeBetweeness': [0.0, 0.0, 0.0, 0.0, 0.0, 0.0, 0.0, 0.0], 'fastGreedy': [0.9901306532663317, 0.974819095477387, 0.9950301507537688, 0.9760150753768844, 0.9809095477386934, 0.9960100502512563, 0.96356783919598, 0.9847939698492463], 'multilevel': [0.8893517587939698, 0.8871155778894473, 0.8124020100502511, 0.8825427135678391, 0.8870954773869348, 0.9327035175879397, 0.903572864321608, 0.9229447236180904], 'leadingEigen': [0.0, 0.0, 0.0, 0.0, 0.0, 0.0, 0.0, 0.0], 'kmeans': [0.5017286432160802, 0.5017286432160802, 0.5017286432160802, 0.5017286432160802, 0.5017286432160802, 0.5017286432160802, 0.5017286432160802, 0.5017286432160802], 'EM': [0.5087708542713567, 0.5087708542713567, 0.5087708542713567, 0.5087708542713567, 0.5087708542713567, 0.5087708542713567, 0.5087708542713567, 0.5087708542713567], 'walktrap': [0.9816130653266331, 0.9910603015075378, 0.9921206030150754, 0.9940201005025125, 0.9920502512562814, 0.998, 0.9930603015075377, 0.9969999999999999], 'infoMap': [0.6721306532663316, 0.5919798994974873, 0.5671959798994974, 0.617713567839196, 0.66921608040201, 0.6823718592964825, 0.6552311557788945, 0.6707487437185928]}}
{'nmi': {'after': [0.9781145462251833, 0.9683593207407011, 0.9902447745155178, 0.9848257035252678, 0.9862013650854063, 0.991913181139777, 0.9837772275974513, 0.991913181139777], 'before': [0.9781145462251833, 0.9659351832527463, 0.9862013650854063, 0.9848257035252678, 0.9862013650854063, 0.991913181139777, 0.9837772275974513, 0.991913181139777]}, 'rand': {'after': [0.9791881064090635, 0.968566807531716, 0.9902447745155178, 0.9848257035252678, 0.9862013650854063, 0.991913181139777, 0.9837772275974513, 0.991913181139777], 'before': [0.9940301507537688, 0.9900904522613067, 0.996030150753769, 0.9960100502512562, 0.996030150753769, 0.998, 0.9950603015075377, 0.998]}}
---------------------------------------------------------------------------------------------------
./C2F50N2Ne100A0.180068240502R0_1.arff
nmi
{'labelPropag': 7.0, 'edgeBetweeness': 7.0, 'fastGreedy': 1.0, 'multilevel': 2.5, 'leadingEigen': 7.0, 'kmeans': 6.0, 'EM': 5.0, 'walktrap': 1.0, 'infoMap': 3.0}
rand
{'labelPropag': 7.0, 'edgeBetweeness': 7.0, 'fastGreedy': 1.0, 'multilevel': 2.4, 'leadingEigen': 7.0, 'kmeans': 6.0, 'EM': 5.0, 'walktrap': 1.0, 'infoMap': 3.0}
[3, 4, 5, 6, 7, 8, 9, 10, 11, 12, 13, 14]
{'nmi': {'labelPropag': [0.0, 0.0, 0.0, 0.0, 0.0, 0.0, 0.0, 0.0, 0.0, 0.0, 0.0, 0.0], 'edgeBetweeness': [0.0, 0.0, 0.0, 0.0, 0.0, 0.0, 0.0, 0.0, 0.0, 0.0, 0.0, 0.0], 'fastGreedy': [0.9077464226911992, 0.9450364608572578, 0.9010959964342691, 0.9888691129553792, 0.9862013650854063, 0.9471902723397939, 0.9658142172908974, 0.975389547010528, 0.9919131811397769, 0.9751173485316833, 0.9848257035252679, 0.9878697717096656], 'multilevel': [0.6950703324408982, 0.640963715466508, 0.6505352646112103, 0.6958634776566301, 0.8083594528437319, 0.7571201620632461, 0.8261861660526988, 0.7710073140802439, 0.760003283150015, 0.7921355207964345, 0.8402306312717395, 0.8144450682637654], 'leadingEigen': [0.0, 0.0, 0.0, 0.0, 0.0, 0.0, 0.0, 0.0, 0.0, 0.0, 0.0, 0.0], 'kmeans': [0.0018379269916905302, 0.0018379269916905302, 0.0018379269916905302, 0.0018379269916905302, 0.0018379269916905302, 0.0018379269916905302, 0.0018379269916905302, 0.0018379269916905302, 0.0018379269916905302, 0.0018379269916905302, 0.0018379269916905302, 0.0018379269916905302], 'EM': [0.045591545049404714, 0.045591545049404714, 0.045591545049404714, 0.045591545049404714, 0.045591545049404714, 0.045591545049404714, 0.045591545049404714, 0.045591545049404714, 0.045591545049404714, 0.045591545049404714, 0.045591545049404714, 0.045591545049404714], 'walktrap': [0.9666073388661378, 0.9489768345446393, 0.9295975146060187, 0.9781145462251833, 0.9766897499829422, 0.9888691129553792, 0.9774508011993713, 0.9919131811397769, 0.9674826239151564, 0.9959565905698884, 0.9959565905698884, 0.98178163534087], 'infoMap': [0.6493691293342919, 0.5583541953404445, 0.4494011351196807, 0.5708099407176193, 0.5607190851434216, 0.4760777407255512, 0.6400699753502996, 0.7128487342539584, 0.5673258676184282, 0.5932784042639829, 0.661965716434419, 0.6404767815264181]}, 'rand': {'labelPropag': [0.0, 0.0, 0.0, 0.0, 0.0, 0.0, 0.0, 0.0, 0.0, 0.0, 0.0, 0.0], 'edgeBetweeness': [0.0, 0.0, 0.0, 0.0, 0.0, 0.0, 0.0, 0.0, 0.0, 0.0, 0.0, 0.0], 'fastGreedy': [0.9659849246231156, 0.9808040201005024, 0.9602261306532662, 0.9970100502512563, 0.9960301507537688, 0.9755276381909548, 0.9883115577889446, 0.9921507537688443, 0.998, 0.9931005025125629, 0.9960100502512563, 0.9970000000000001], 'multilevel': [0.880040201005025, 0.8476633165829146, 0.8527688442211054, 0.8596281407035175, 0.9093165829145727, 0.8782412060301507, 0.914427135678392, 0.8863366834170854, 0.868713567839196, 0.8786180904522614, 0.9155226130653267, 0.8889497487437186], 'leadingEigen': [0.0, 0.0, 0.0, 0.0, 0.0, 0.0, 0.0, 0.0, 0.0, 0.0, 0.0, 0.0], 'kmeans': [0.498748743718593, 0.498748743718593, 0.498748743718593, 0.498748743718593, 0.498748743718593, 0.498748743718593, 0.498748743718593, 0.498748743718593, 0.498748743718593, 0.498748743718593, 0.498748743718593, 0.498748743718593], 'EM': [0.5168168341708543, 0.5168168341708543, 0.5168168341708543, 0.5168168341708543, 0.5168168341708543, 0.5168168341708543, 0.5168168341708543, 0.5168168341708543, 0.5168168341708543, 0.5168168341708543, 0.5168168341708543, 0.5168168341708543], 'walktrap': [0.9910301507537689, 0.9824924623115576, 0.9756733668341709, 0.9940301507537688, 0.993070351758794, 0.9970100502512563, 0.9922110552763819, 0.998, 0.989281407035176, 0.999, 0.999, 0.9950201005025127], 'infoMap': [0.7790552763819095, 0.7056231155778894, 0.6082562814070351, 0.698286432160804, 0.6943266331658291, 0.6285326633165829, 0.7503517587939699, 0.8018090452261306, 0.7035879396984924, 0.728497487437186, 0.7860452261306532, 0.7741909547738693]}}
{'nmi': {'after': [0.98178163534087, 0.9603951463006473, 0.9548225034511681, 0.9888691129553792, 0.9929125223854907, 0.9888691129553792, 0.9774508011993713, 0.9919131811397769, 0.9919131811397769, 0.9959565905698884, 0.9959565905698884, 0.9919131811397769], 'before': [0.98178163534087, 0.9603951463006473, 0.9548225034511681, 0.9655588629383214, 0.9848257035252675, 0.9848257035252675, 0.9734073917692598, 0.9919131811397769, 0.9919131811397769, 0.9848257035252678, 0.979113887470897, 0.9878697717096656]}, 'rand': {'after': [0.9899225726367471, 0.9603951463006473, 0.9548225034511681, 0.9888691129553792, 0.9929125223854907, 0.9888691129553792, 0.9774508011993713, 0.9949565905698885, 0.9919131811397769, 0.9959565905698884, 0.9959565905698884, 0.9919131811397769], 'before': [0.9950201005025126, 0.9872914572864321, 0.9853015075376884, 0.9900804020100502, 0.9960100502512563, 0.9960100502512563, 0.9912110552763819, 0.998, 0.998, 0.9960100502512563, 0.9940402010050253, 0.9970000000000001]}}
---------------------------------------------------------------------------------------------------
./C50F2N2Ne5A24.9905257444R0_1.arff
nmi
{'labelPropag': 7.0, 'edgeBetweeness': 7.0, 'fastGreedy': 5.777777777777778, 'multilevel': 5.222222222222222, 'leadingEigen': 7.0, 'kmeans': 1.0, 'EM': 2.0, 'walktrap': 3.0, 'infoMap': 4.0}
rand
{'labelPropag': 7.0, 'edgeBetweeness': 7.0, 'fastGreedy': 6.0, 'multilevel': 5.0, 'leadingEigen': 7.0, 'kmeans': 1.0, 'EM': 2.0, 'walktrap': 3.0, 'infoMap': 4.0}
[12, 13, 14, 15]
{'nmi': {'labelPropag': [0.0, 0.0, 0.0, 0.0], 'edgeBetweeness': [0.0, 0.0, 0.0, 0.0], 'fastGreedy': [0.6452800759113345, 0.6396155799173913, 0.6315114235971884, 0.6262518332865421], 'multilevel': [0.7022171810298041, 0.6815772950092901, 0.6769677819397035, 0.6779281797967543], 'leadingEigen': [0.0, 0.0, 0.0, 0.0], 'kmeans': [0.9392712192683884, 0.9392712192683884, 0.9392712192683884, 0.9392712192683884], 'EM': [0.934609495307075, 0.934609495307075, 0.934609495307075, 0.934609495307075], 'walktrap': [0.8671013527165815, 0.8751764602793486, 0.8852604931364807, 0.8830469565718514], 'infoMap': [0.7638913913727452, 0.757873564692259, 0.7522911926333378, 0.7427051129401907]}, 'rand': {'labelPropag': [0.0, 0.0, 0.0, 0.0], 'edgeBetweeness': [0.0, 0.0, 0.0, 0.0], 'fastGreedy': [0.8438152610441767, 0.8382530120481928, 0.8248875502008032, 0.8238393574297187], 'multilevel': [0.8994337349397591, 0.885859437751004, 0.8823694779116465, 0.8837304774654171], 'leadingEigen': [0.0, 0.0, 0.0, 0.0], 'kmeans': [0.991836144578313, 0.991836144578313, 0.991836144578313, 0.991836144578313], 'EM': [0.9908102811244982, 0.9908102811244982, 0.9908102811244982, 0.9908102811244982], 'walktrap': [0.9811726907630522, 0.9816024096385543, 0.9828232931726908, 0.9826220437304775], 'infoMap': [0.9332489959839358, 0.9311767068273092, 0.9278955823293173, 0.9244337349397591]}}
{'nmi': {'after': [0.8671013527165815, 0.8751764602793486, 0.8852604931364807, 0.8830469565718514], 'before': [0.8671013527165815, 0.8727356942101324, 0.8831156930718198, 0.87211859509765]}, 'rand': {'after': [0.9332489959839358, 0.9311767068273092, 0.9278955823293173, 0.9244337349397591], 'before': [0.9811726907630522, 0.981574297188755, 0.982714859437751, 0.9815296742525658]}}
---------------------------------------------------------------------------------------------------
