./C2F10N2Ne5A0.05R0_1.arff
nmi
{'labelPropag': 4.8, 'multilevel': 1.3, 'EM': 4.8, 'infoMap': 7.4, 'leadingEigen': 7.8, 'edgeBetweeness': 2.1, 'kmeans': 5.8, 'walktrap': 1.0, 'fastGreedy': 1.4}
rand
{'labelPropag': 4.8, 'multilevel': 1.2, 'EM': 5.2, 'infoMap': 6.9, 'leadingEigen': 9.0, 'edgeBetweeness': 2.2, 'kmeans': 6.2, 'walktrap': 1.0, 'fastGreedy': 1.4}
[2, 3, 4, 5, 6, 7, 8, 9]
{'rand': {'labelPropag': [0.5755555555555556, 0.5177777777777779, 0.5555555555555557, 0.5155555555555557, 0.5711111111111112, 0.5000000000000001, 0.44444444444444453, 0.44444444444444453], 'leadingEigen': [0.0, 0.0, 0.0, 0.0, 0.0, 0.0, 0.0, 0.0], 'EM': [0.5021111111111112, 0.5021111111111112, 0.5021111111111112, 0.5021111111111112, 0.5021111111111112, 0.5021111111111112, 0.5021111111111112, 0.5021111111111112], 'infoMap': [0.46444444444444455, 0.44444444444444453, 0.44444444444444453, 0.44444444444444453, 0.44444444444444453, 0.44444444444444453, 0.44444444444444453, 0.44444444444444453], 'multilevel': [0.7022222222222223, 0.6022222222222223, 0.6444444444444446, 0.5933333333333335, 0.6955555555555557, 0.6688888888888889, 0.528888888888889, 0.44444444444444453], 'edgeBetweeness': [0.6222222222222223, 0.5644444444444445, 0.6000000000000001, 0.5333333333333334, 0.5933333333333335, 0.5377777777777779, 0.4911111111111112, 0.4666666666666668], 'kmeans': [0.5000000000000001, 0.5000000000000001, 0.5000000000000001, 0.5000000000000001, 0.5000000000000001, 0.5000000000000001, 0.5000000000000001, 0.5000000000000001], 'walktrap': [0.6955555555555557, 0.6111111111111112, 0.6555555555555557, 0.6133333333333335, 0.717777777777778, 0.8155555555555555, 0.608888888888889, 0.4666666666666668], 'fastGreedy': [0.7155555555555557, 0.6022222222222223, 0.6777777777777779, 0.5844444444444445, 0.7266666666666668, 0.6844444444444445, 0.56, 0.4666666666666668]}, 'nmi': {'labelPropag': [0.23178404009352338, 0.12924612830166932, 0.17940978182601877, 0.1237954008034912, 0.2237954008034912, 0.1, 0.0, 0.0], 'leadingEigen': [0.0, 0.0, 0.0, 0.0, 0.0, 0.0, 0.0, 0.0], 'EM': [0.1443260726376683, 0.1443260726376683, 0.1443260726376683, 0.1443260726376683, 0.1443260726376683, 0.1443260726376683, 0.1443260726376683, 0.1443260726376683], 'infoMap': [0.028930656773055896, 0.0, 0.0, 0.0, 0.0, 0.0, 0.0, 0.0], 'multilevel': [0.48852272965796795, 0.2848840724967733, 0.33043846994142145, 0.24457945154497648, 0.43412357036623767, 0.4068817901367927, 0.17351972368393478, 0.0], 'edgeBetweeness': [0.347296721411993, 0.2685174664336588, 0.3062690798506222, 0.24146115459287096, 0.32675293536919836, 0.25974490296989367, 0.1872086278910549, 0.14708219223672467], 'kmeans': [0.13219585437591838, 0.13219585437591838, 0.13219585437591838, 0.13219585437591838, 0.13219585437591838, 0.13219585437591838, 0.13219585437591838, 0.13219585437591838], 'walktrap': [0.4649488978049375, 0.29831883940958626, 0.3606831073153387, 0.30053545925859754, 0.4656358289851427, 0.7009834486050959, 0.3561480013821158, 0.14708219223672467], 'fastGreedy': [0.4904533020334584, 0.2848840724967733, 0.3989262113225164, 0.24618869948105768, 0.49137527069831055, 0.4902734513981105, 0.2891399689828111, 0.14708219223672467]}}
{'rand': {'before': [0.5755555555555556, 0.5444444444444446, 0.5377777777777779, 0.5222222222222224, 0.5644444444444445, 0.5066666666666666, 0.4666666666666668, 0.4666666666666668], 'after': [0.7155555555555557, 0.6022222222222223, 0.6777777777777779, 0.5844444444444445, 0.7266666666666668, 0.7911111111111111, 0.575231033735079, 0.4666666666666668]}, 'nmi': {'before': [0.24954669166628224, 0.16933567945164427, 0.1868950725734257, 0.17423236184025662, 0.2122335830845786, 0.22361522642165665, 0.14708219223672467, 0.14708219223672467], 'after': [0.5229567051385524, 0.3410537415124977, 0.467637724733626, 0.3422195083029682, 0.506083489921983, 0.7009834486050959, 0.38351893133895737, 0.14708219223672467]}}
---------------------------------------------------------------------------------------------------
./C2F10N2Ne5A0.15R0_1.arff
nmi
{'labelPropag': 4.7, 'multilevel': 1.7, 'EM': 5.5, 'infoMap': 6.7, 'leadingEigen': 8.0, 'edgeBetweeness': 2.4, 'kmeans': 4.5, 'walktrap': 2.1, 'fastGreedy': 2.9}
rand
{'labelPropag': 4.4, 'multilevel': 1.2, 'EM': 6.2, 'infoMap': 6.4, 'leadingEigen': 9.0, 'edgeBetweeness': 2.8, 'kmeans': 5.2, 'walktrap': 1.7, 'fastGreedy': 2.2}
[2, 3, 4, 5, 6, 7, 8, 9]
{'rand': {'labelPropag': [0.6066666666666668, 0.5777777777777778, 0.5755555555555556, 0.5355555555555556, 0.4822222222222223, 0.4800000000000001, 0.44444444444444453, 0.44444444444444453], 'leadingEigen': [0.0, 0.0, 0.0, 0.0, 0.0, 0.0, 0.0, 0.0], 'EM': [0.5232222222222223, 0.5232222222222223, 0.5232222222222223, 0.5232222222222223, 0.5232222222222223, 0.5232222222222223, 0.5232222222222223, 0.5232222222222223], 'infoMap': [0.49555555555555564, 0.44444444444444453, 0.44444444444444453, 0.44444444444444453, 0.44444444444444453, 0.44444444444444453, 0.44444444444444453, 0.44444444444444453], 'multilevel': [0.7400000000000001, 0.6800000000000002, 0.7155555555555557, 0.6955555555555557, 0.5777777777777781, 0.5333333333333334, 0.5222222222222224, 0.44444444444444453], 'edgeBetweeness': [0.6666666666666667, 0.5933333333333335, 0.5977777777777779, 0.5600000000000002, 0.5066666666666668, 0.5133333333333334, 0.4800000000000001, 0.4666666666666668], 'kmeans': [0.5288888888888891, 0.5288888888888891, 0.5288888888888891, 0.5288888888888891, 0.5288888888888891, 0.5288888888888891, 0.5288888888888891, 0.5288888888888891], 'walktrap': [0.7222222222222224, 0.6911111111111113, 0.7200000000000001, 0.7066666666666668, 0.6977777777777779, 0.6755555555555557, 0.608888888888889, 0.4666666666666668], 'fastGreedy': [0.708888888888889, 0.6800000000000003, 0.7022222222222224, 0.6511111111111113, 0.5644444444444446, 0.5577777777777778, 0.5400000000000001, 0.4666666666666668]}, 'nmi': {'labelPropag': [0.3115011569444054, 0.24498408973504712, 0.2278071905112638, 0.16189770040174561, 0.06480264095627872, 0.0618977004017456, 0.0, 0.0], 'leadingEigen': [0.0, 0.0, 0.0, 0.0, 0.0, 0.0, 0.0, 0.0], 'EM': [0.18044481487643882, 0.18044481487643882, 0.18044481487643882, 0.18044481487643882, 0.18044481487643882, 0.18044481487643882, 0.18044481487643882, 0.18044481487643882], 'infoMap': [0.08542591960601577, 0.0, 0.0, 0.0, 0.0, 0.0, 0.0, 0.0], 'multilevel': [0.5548069466029794, 0.4238848792014725, 0.47259289872717114, 0.4305137495466571, 0.2267249089162467, 0.17872285064581347, 0.1811648973838643, 0.0], 'edgeBetweeness': [0.4597235305354661, 0.3304212594868684, 0.3307647250769711, 0.2795634541911253, 0.2070271791122865, 0.21978268480977511, 0.17259320363170202, 0.14708219223672467], 'kmeans': [0.18438523215503583, 0.18438523215503583, 0.18438523215503583, 0.18438523215503583, 0.18438523215503583, 0.18438523215503583, 0.18438523215503583, 0.18438523215503583], 'walktrap': [0.525935325816808, 0.44619013759246184, 0.49230770974280846, 0.48028064748294363, 0.470349405394639, 0.4669507935534207, 0.36939284029147157, 0.14708219223672467], 'fastGreedy': [0.47713515859124955, 0.4188192076356203, 0.46740545978607784, 0.35928767076864904, 0.2432571256644645, 0.2815875902472011, 0.2674614991997153, 0.14708219223672467]}}
{'rand': {'before': [0.6222222222222223, 0.5622222222222224, 0.5933333333333335, 0.5666666666666668, 0.5555555555555558, 0.4866666666666667, 0.4666666666666668, 0.4666666666666668], 'after': [0.7174532559573013, 0.6885643670684124, 0.7022222222222224, 0.6911111111111112, 0.6330088115128569, 0.6263421448461901, 0.555231033735079, 0.4666666666666668]}, 'nmi': {'before': [0.3481801616336587, 0.23868589338946458, 0.30196715879578406, 0.26211250461607216, 0.2553929246824319, 0.1853487093291907, 0.14708219223672467, 0.14708219223672467], 'after': [0.6061435875089878, 0.4870247987766202, 0.5322598056143051, 0.5520783568355366, 0.48342613637463777, 0.48156621781277353, 0.3821483459889602, 0.14708219223672467]}}
---------------------------------------------------------------------------------------------------
./C2F10N2Ne5A0.1R0_1.arff
nmi
{'labelPropag': 3.2, 'multilevel': 1.5, 'EM': 4.5, 'infoMap': 7.1, 'leadingEigen': 7.8, 'edgeBetweeness': 1.5, 'kmeans': 5.5, 'walktrap': 1.3, 'fastGreedy': 1.8}
rand
{'labelPropag': 3.1, 'multilevel': 1.8, 'EM': 4.7, 'infoMap': 7.0, 'leadingEigen': 9.0, 'edgeBetweeness': 1.7, 'kmeans': 6.0, 'walktrap': 1.3, 'fastGreedy': 1.7}
[2, 3, 4, 5, 6, 7, 8, 9]
{'rand': {'labelPropag': [0.548888888888889, 0.5844444444444445, 0.6644444444444446, 0.46444444444444455, 0.5911111111111113, 0.5000000000000001, 0.44444444444444453, 0.44444444444444453], 'leadingEigen': [0.0, 0.0, 0.0, 0.0, 0.0, 0.0, 0.0, 0.0], 'EM': [0.5127777777777778, 0.5127777777777778, 0.5127777777777778, 0.5127777777777778, 0.5127777777777778, 0.5127777777777778, 0.5127777777777778, 0.5127777777777778], 'infoMap': [0.46222222222222226, 0.44444444444444453, 0.44444444444444453, 0.44444444444444453, 0.44444444444444453, 0.44444444444444453, 0.44444444444444453, 0.44444444444444453], 'multilevel': [0.7000000000000002, 0.6755555555555557, 0.7111111111111112, 0.4933333333333335, 0.6511111111111112, 0.5800000000000002, 0.5711111111111112, 0.44444444444444453], 'edgeBetweeness': [0.6111111111111114, 0.6000000000000002, 0.7177777777777778, 0.4911111111111112, 0.5711111111111112, 0.517777777777778, 0.4666666666666668, 0.4666666666666668], 'kmeans': [0.5000000000000001, 0.5000000000000001, 0.5000000000000001, 0.5000000000000001, 0.5000000000000001, 0.5000000000000001, 0.5000000000000001, 0.5000000000000001], 'walktrap': [0.7088888888888891, 0.7955555555555557, 0.7422222222222222, 0.6466666666666668, 0.7222222222222222, 0.7911111111111111, 0.6511111111111112, 0.4666666666666668], 'fastGreedy': [0.7111111111111114, 0.6955555555555557, 0.7311111111111113, 0.5200000000000001, 0.6600000000000001, 0.6200000000000001, 0.6000000000000002, 0.4666666666666668]}, 'nmi': {'labelPropag': [0.2069745851011123, 0.2422399212722623, 0.37830293267277926, 0.02780719051126378, 0.2618977004017456, 0.08970489091300939, 0.0, 0.0], 'leadingEigen': [0.0, 0.0, 0.0, 0.0, 0.0, 0.0, 0.0, 0.0], 'EM': [0.17587970206716724, 0.17587970206716724, 0.17587970206716724, 0.17587970206716724, 0.17587970206716724, 0.17587970206716724, 0.17587970206716724, 0.17587970206716724], 'infoMap': [0.03477420701537833, 0.0, 0.0, 0.0, 0.0, 0.0, 0.0, 0.0], 'multilevel': [0.4829303337796098, 0.4051408564833167, 0.4705692985502191, 0.08344513470636773, 0.3716844310930714, 0.22613493107620544, 0.22777225038575083, 0.0], 'edgeBetweeness': [0.34185769284041834, 0.3149496567000591, 0.5069313615859865, 0.17293666922180467, 0.3069343841479668, 0.20737064470238914, 0.14708219223672467, 0.14708219223672467], 'kmeans': [0.16142092670840183, 0.16142092670840183, 0.16142092670840183, 0.16142092670840183, 0.16142092670840183, 0.16142092670840183, 0.16142092670840183, 0.16142092670840183], 'walktrap': [0.49899378766234, 0.6346540405225436, 0.5232870224078263, 0.37435730466726624, 0.48280812833352876, 0.6281735708146601, 0.4104005280839318, 0.14708219223672467], 'fastGreedy': [0.49792187863461346, 0.44772494043667066, 0.5086715981484735, 0.18559937995497375, 0.40792562779105496, 0.3465220427825383, 0.33584011694901716, 0.14708219223672467]}}
{'rand': {'before': [0.6266666666666667, 0.5822222222222224, 0.5333333333333334, 0.5000000000000002, 0.5177777777777779, 0.5000000000000001, 0.4666666666666668, 0.4666666666666668], 'after': [0.7111111111111114, 0.7955555555555557, 0.7511111111111112, 0.5590264345385703, 0.6752310337350791, 0.7437954008034912, 0.630462067470158, 0.4666666666666668]}, 'nmi': {'before': [0.3579241103112053, 0.2326570849211603, 0.2210802054003776, 0.17259320363170202, 0.2127196392860322, 0.19810421502667935, 0.14708219223672467, 0.14708219223672467], 'after': [0.5534257738072016, 0.6544725917437751, 0.5977513850418481, 0.38906552389093874, 0.5195226497892635, 0.6281735708146601, 0.43021907930516334, 0.14708219223672467]}}
---------------------------------------------------------------------------------------------------
./C2F50N2Ne5A0.1R0_1.arff
nmi
{'labelPropag': 4.0, 'multilevel': 2.2, 'EM': 4.9, 'infoMap': 6.3, 'leadingEigen': 7.9, 'edgeBetweeness': 2.6, 'kmeans': 5.9, 'walktrap': 1.9, 'fastGreedy': 2.4}
rand
{'labelPropag': 3.9, 'multilevel': 1.3, 'EM': 5.5, 'infoMap': 6.3, 'leadingEigen': 9.0, 'edgeBetweeness': 3.0, 'kmeans': 6.5, 'walktrap': 1.5, 'fastGreedy': 1.7}
[2, 3, 4, 5, 6, 7, 8, 9]
{'rand': {'labelPropag': [0.6044444444444446, 0.5577777777777778, 0.5577777777777779, 0.4533333333333334, 0.46444444444444455, 0.44444444444444453, 0.4533333333333334, 0.44444444444444453], 'leadingEigen': [0.0, 0.0, 0.0, 0.0, 0.0, 0.0, 0.0, 0.0], 'EM': [0.5203333333333334, 0.5203333333333334, 0.5203333333333334, 0.5203333333333334, 0.5203333333333334, 0.5203333333333334, 0.5203333333333334, 0.5203333333333334], 'infoMap': [0.517777777777778, 0.44666666666666677, 0.44444444444444453, 0.44444444444444453, 0.44444444444444453, 0.44444444444444453, 0.44444444444444453, 0.44444444444444453], 'multilevel': [0.6533333333333335, 0.7222222222222223, 0.6755555555555557, 0.68, 0.5000000000000002, 0.46222222222222226, 0.4822222222222223, 0.44444444444444453], 'edgeBetweeness': [0.6111111111111113, 0.6288888888888889, 0.5911111111111113, 0.4911111111111112, 0.48444444444444457, 0.47333333333333344, 0.4977777777777779, 0.4666666666666668], 'kmeans': [0.5200000000000001, 0.5200000000000001, 0.5200000000000001, 0.5200000000000001, 0.5200000000000001, 0.5200000000000001, 0.5200000000000001, 0.5200000000000001], 'walktrap': [0.7311111111111113, 0.7111111111111112, 0.7177777777777778, 0.6688888888888891, 0.6022222222222224, 0.5644444444444445, 0.66, 0.4666666666666668], 'fastGreedy': [0.6377777777777779, 0.708888888888889, 0.6733333333333336, 0.6577777777777779, 0.5022222222222223, 0.4866666666666668, 0.5266666666666668, 0.4666666666666668]}, 'nmi': {'labelPropag': [0.32038332403696934, 0.20290494055453312, 0.20290494055453312, 0.012634639359704849, 0.02780719051126378, 0.0, 0.027463724921161135, 0.0], 'leadingEigen': [0.0, 0.0, 0.0, 0.0, 0.0, 0.0, 0.0, 0.0], 'EM': [0.18253806616061613, 0.18253806616061613, 0.18253806616061613, 0.18253806616061613, 0.18253806616061613, 0.18253806616061613, 0.18253806616061613, 0.18253806616061613], 'infoMap': [0.13845895959545676, 0.002904940554533123, 0.0, 0.0, 0.0, 0.0, 0.0, 0.0], 'multilevel': [0.4272047496330866, 0.4983549397563106, 0.4109895791160154, 0.4141408526139734, 0.09262130623283418, 0.04009836428086598, 0.09700659902283629, 0.0], 'edgeBetweeness': [0.3509448744202371, 0.38459889345713927, 0.3332334050770818, 0.1744531221935662, 0.160181163524316, 0.15983769793421335, 0.19996413358854356, 0.14708219223672467], 'kmeans': [0.16111447044197885, 0.16111447044197885, 0.16111447044197885, 0.16111447044197885, 0.16111447044197885, 0.16111447044197885, 0.16111447044197885, 0.16111447044197885], 'walktrap': [0.5245651881064837, 0.48221885732674863, 0.47831080782457025, 0.4046043943649248, 0.2700358463288938, 0.2959378401983921, 0.4471322423321891, 0.14708219223672467], 'fastGreedy': [0.34983446682589336, 0.4628631999219994, 0.40494234910251337, 0.38631513513538795, 0.14113910635770832, 0.17051962376773439, 0.24195048780473796, 0.14708219223672467]}}
{'rand': {'before': [0.6711111111111112, 0.5933333333333335, 0.608888888888889, 0.5822222222222223, 0.5088888888888891, 0.5000000000000001, 0.4666666666666668, 0.4666666666666668], 'after': [0.6777777777777778, 0.708888888888889, 0.6733333333333336, 0.6777777777777778, 0.5326842896923802, 0.54, 0.610462067470158, 0.4666666666666668]}, 'nmi': {'before': [0.4501243758957779, 0.275813179054203, 0.30992532849245913, 0.2621227481937811, 0.2003075991786462, 0.21085972072416803, 0.14708219223672467, 0.14708219223672467], 'after': [0.5556254900537633, 0.5447021150025437, 0.484531547416473, 0.4810687783061682, 0.3148485783461267, 0.2980114200623597, 0.4891185965483835, 0.14708219223672467]}}
---------------------------------------------------------------------------------------------------
