./C2F10N2Ne100A0.15R0_1.arff
nmi
{'edgeBetweeness': 8.0, 'labelPropag': 3.2, 'EM': 6.0, 'fastGreedy': 1.6, 'kmeans': 7.0, 'infoMap': 3.5, 'multilevel': 2.0, 'leadingEigen': 8.0, 'walktrap': 1.6}
rand
{'edgeBetweeness': 8.0, 'labelPropag': 3.1, 'EM': 6.0, 'fastGreedy': 1.5, 'kmeans': 7.0, 'infoMap': 4.0, 'multilevel': 2.1, 'leadingEigen': 8.0, 'walktrap': 1.9}
[3, 4, 5, 6, 7, 8, 9, 10]
{'nmi': {'edgeBetweeness': [0.0, 0.0, 0.0, 0.0, 0.0, 0.0, 0.0, 0.0], 'labelPropag': [0.43134874773177706, 0.4758767499393827, 0.5531135886108594, 0.44097667735331025, 0.4581451784025452, 0.3864485313208975, 0.4415796734667148, 0.40590279836018206], 'EM': [0.004722650704963238, 0.004722650704963238, 0.004722650704963238, 0.004722650704963238, 0.004722650704963238, 0.004722650704963238, 0.004722650704963238, 0.004722650704963238], 'fastGreedy': [0.5741536857518408, 0.7056740156364665, 0.6363897213712222, 0.6043429271913919, 0.6230500413566047, 0.452655626497921, 0.5941066205829452, 0.48836724646151575], 'kmeans': [0.003241298173675261, 0.003241298173675261, 0.003241298173675261, 0.003241298173675261, 0.003241298173675261, 0.003241298173675261, 0.003241298173675261, 0.003241298173675261], 'infoMap': [0.32857811693426575, 0.3461924069393244, 0.36034375958121634, 0.3637172894976305, 0.369795509768058, 0.3708923210037452, 0.37346698439266063, 0.3824613688493312], 'multilevel': [0.5387064439687496, 0.5575334569642443, 0.6091079932381367, 0.4848816563166835, 0.5346496578523268, 0.41818085118159304, 0.46868953854488504, 0.47410388109595025], 'leadingEigen': [0.0, 0.0, 0.0, 0.0, 0.0, 0.0, 0.0, 0.0], 'walktrap': [0.6487413973558513, 0.6752976329790376, 0.6361707477027791, 0.612019323071365, 0.6798492725663469, 0.5669453621601525, 0.6331786097423072, 0.4612574149455213]}, 'rand': {'edgeBetweeness': [0.0, 0.0, 0.0, 0.0, 0.0, 0.0, 0.0, 0.0], 'labelPropag': [0.6234321608040201, 0.7075728643216079, 0.7196231155778895, 0.6455326633165829, 0.6870502512562814, 0.6279045226130652, 0.7022160804020101, 0.6473266331658292], 'EM': [0.5007552763819095, 0.5007552763819095, 0.5007552763819095, 0.5007552763819095, 0.5007552763819095, 0.5007552763819095, 0.5007552763819095, 0.5007552763819095], 'fastGreedy': [0.812391959798995, 0.8763919597989949, 0.8315025125628142, 0.8219547738693468, 0.8333718592964823, 0.7430251256281407, 0.8188442211055277, 0.763788944723618], 'kmeans': [0.4996934673366834, 0.4996934673366834, 0.4996934673366834, 0.4996934673366834, 0.4996934673366834, 0.4996934673366834, 0.4996934673366834, 0.4996934673366834], 'infoMap': [0.5393517587939698, 0.5495929648241206, 0.5603517587939698, 0.5697537688442211, 0.5757487437185929, 0.5801356783919597, 0.588321608040201, 0.5954572864321607], 'multilevel': [0.7582110552763818, 0.8050301507537689, 0.8071557788944723, 0.7478090452261307, 0.7736633165829145, 0.6873115577889447, 0.7427035175879397, 0.7159899497487437], 'leadingEigen': [0.0, 0.0, 0.0, 0.0, 0.0, 0.0, 0.0, 0.0], 'walktrap': [0.8345829145728644, 0.8532763819095479, 0.8173065326633164, 0.8043115577889447, 0.8430452261306532, 0.7860804020100502, 0.8270904522613064, 0.7274070351758793]}}
{'nmi': {'after': [0.7180961347778739, 0.8284698852882532, 0.691156603406643, 0.7016276805364974, 0.7013054481982575, 0.622209752099516, 0.7094734938880188, 0.643321140067252], 'before': [0.6398768906852054, 0.6522815567004417, 0.6414981056649416, 0.6870342230296504, 0.6545100355946738, 0.5782778512221112, 0.6137661243756589, 0.6015224552519911]}, 'rand': {'after': [0.8397056222395498, 0.900257586292429, 0.8188223235173234, 0.80767131635534, 0.8430452261306532, 0.7860804020100502, 0.8270904522613064, 0.7719030018067016], 'before': [0.785105527638191, 0.8041356783919598, 0.8002361809045226, 0.8276582914572865, 0.8205678391959799, 0.7661658291457286, 0.8074572864321607, 0.7840150753768844]}}
---------------------------------------------------------------------------------------------------
./C2F10N2Ne50A0.216163808249R0_1.arff
nmi
{'edgeBetweeness': 8.0, 'labelPropag': 3.0, 'EM': 6.0, 'fastGreedy': 2.2, 'kmeans': 7.0, 'infoMap': 3.2, 'multilevel': 2.2, 'leadingEigen': 8.0, 'walktrap': 2.6}
rand
{'edgeBetweeness': 8.0, 'labelPropag': 3.4, 'EM': 6.0, 'fastGreedy': 1.3, 'kmeans': 7.0, 'infoMap': 3.4, 'multilevel': 1.6, 'leadingEigen': 8.0, 'walktrap': 2.5}
[3, 4, 5, 6, 7, 8, 9, 10]
{'nmi': {'edgeBetweeness': [0.0, 0.0, 0.0, 0.0, 0.0, 0.0, 0.0, 0.0], 'labelPropag': [0.4451934931855779, 0.4377168226858287, 0.4449254250042508, 0.37699600109937004, 0.34505675434213967, 0.3301727907539194, 0.29109804758530267, 0.22724345724986156], 'EM': [0.01645153180980872, 0.01645153180980872, 0.01645153180980872, 0.01645153180980872, 0.01645153180980872, 0.01645153180980872, 0.01645153180980872, 0.01645153180980872], 'fastGreedy': [0.532588541356011, 0.4606436492576135, 0.5967870983382315, 0.403877591103888, 0.31635316975200856, 0.35219741452562137, 0.47905112919286774, 0.3501183721978975], 'kmeans': [0.0032359933375101816, 0.0032359933375101816, 0.0032359933375101816, 0.0032359933375101816, 0.0032359933375101816, 0.0032359933375101816, 0.0032359933375101816, 0.0032359933375101816], 'infoMap': [0.3824287386028779, 0.3837816666329238, 0.39229647157079683, 0.38913311181930765, 0.3800756041510675, 0.3585045295145113, 0.34970846859626353, 0.3292187269787295], 'multilevel': [0.472597741418499, 0.49813540090941266, 0.5316538921202667, 0.43418851937293124, 0.40781519125148497, 0.4362957731462854, 0.5150504422580048, 0.44066515042847804], 'leadingEigen': [0.0, 0.0, 0.0, 0.0, 0.0, 0.0, 0.0, 0.0], 'walktrap': [0.43348018931992105, 0.4170805014091072, 0.39297977030108183, 0.28962791978314456, 0.2814680785193767, 0.37532486621027955, 0.4214258979580328, 0.23400330269393588]}, 'rand': {'edgeBetweeness': [0.0, 0.0, 0.0, 0.0, 0.0, 0.0, 0.0, 0.0], 'labelPropag': [0.6688888888888889, 0.651151515151515, 0.6543636363636363, 0.628080808080808, 0.617050505050505, 0.6213131313131313, 0.6227272727272728, 0.5882424242424242], 'EM': [0.5023686868686869, 0.5023686868686869, 0.5023686868686869, 0.5023686868686869, 0.5023686868686869, 0.5023686868686869, 0.5023686868686869, 0.5023686868686869], 'fastGreedy': [0.7953282828282826, 0.7459797979797979, 0.8166464646464646, 0.7241010101010099, 0.6725656565656566, 0.6964646464646465, 0.759939393939394, 0.6913939393939393], 'kmeans': [0.4971717171717172, 0.4971717171717172, 0.4971717171717172, 0.4971717171717172, 0.4971717171717172, 0.4971717171717172, 0.4971717171717172, 0.4971717171717172], 'infoMap': [0.572121212121212, 0.5882626262626262, 0.5989090909090908, 0.6053333333333332, 0.6123030303030302, 0.6027676767676768, 0.6049696969696969, 0.6038181818181817], 'multilevel': [0.7247979797979797, 0.7335151515151515, 0.7425858585858585, 0.6910303030303029, 0.6726868686868686, 0.6997979797979798, 0.7587878787878789, 0.7057171717171716], 'leadingEigen': [0.0, 0.0, 0.0, 0.0, 0.0, 0.0, 0.0, 0.0], 'walktrap': [0.7201262626262624, 0.6885050505050505, 0.680060606060606, 0.6406868686868685, 0.6206464646464647, 0.677050505050505, 0.6973131313131312, 0.6042222222222222]}}
{'nmi': {'after': [0.5902438290781183, 0.5874989713729486, 0.6613282357827539, 0.5015612824836849, 0.4710283147752662, 0.48054189872817077, 0.5298004730733015, 0.473421394038517], 'before': [0.5009198657701139, 0.4872601809283107, 0.5488163813762632, 0.46947693397606677, 0.440179973763345, 0.42895263512231596, 0.40300953827171887, 0.3740819666981691]}, 'rand': {'after': [0.7201262626262624, 0.7150289661384909, 0.7505647355817805, 0.6681387740286461, 0.6463458895528154, 0.677050505050505, 0.7120198564674876, 0.6229889841630517], 'before': [0.7084343434343434, 0.6950505050505049, 0.7542424242424242, 0.6855151515151513, 0.6778383838383839, 0.6811717171717171, 0.6614747474747474, 0.6276363636363637]}}
---------------------------------------------------------------------------------------------------
./C2F50N2Ne100A0.120045493668R0_1.arff
nmi
{'edgeBetweeness': 8.0, 'labelPropag': 3.2, 'EM': 6.0, 'fastGreedy': 1.2, 'kmeans': 7.0, 'infoMap': 5.0, 'multilevel': 2.3, 'leadingEigen': 8.0, 'walktrap': 1.0}
rand
{'edgeBetweeness': 8.0, 'labelPropag': 3.2, 'EM': 6.0, 'fastGreedy': 1.2, 'kmeans': 7.0, 'infoMap': 5.0, 'multilevel': 3.2, 'leadingEigen': 8.0, 'walktrap': 1.0}
[3, 4, 5, 6, 7, 8, 9, 10]
{'nmi': {'edgeBetweeness': [0.0, 0.0, 0.0, 0.0, 0.0, 0.0, 0.0, 0.0], 'labelPropag': [0.7742368559883287, 0.6824003613478997, 0.6141871799750417, 0.7479612491877106, 0.6447716974227101, 0.7498900527625381, 0.7439285560462164, 0.6973779213378007], 'EM': [0.01606953278135747, 0.01606953278135747, 0.01606953278135747, 0.01606953278135747, 0.01606953278135747, 0.01606953278135747, 0.01606953278135747, 0.01606953278135747], 'fastGreedy': [0.971042264015179, 0.9058492621062484, 0.9821579556552947, 0.9617782610560784, 0.9137054562858318, 0.9483882427789773, 0.9254034133081376, 0.9265404170172499], 'kmeans': [0.006322285977431378, 0.006322285977431378, 0.006322285977431378, 0.006322285977431378, 0.006322285977431378, 0.006322285977431378, 0.006322285977431378, 0.006322285977431378], 'infoMap': [0.35504992531078317, 0.37919447073197887, 0.39856626602869966, 0.45660348247997024, 0.43628574203729514, 0.45510311045690166, 0.4758117509991132, 0.4881418898526434], 'multilevel': [0.7643762540678051, 0.7154472735103458, 0.6274551828816952, 0.7847924708656938, 0.6450088991028172, 0.7440622444383134, 0.7534562904615385, 0.7150042182049606], 'leadingEigen': [0.0, 0.0, 0.0, 0.0, 0.0, 0.0, 0.0, 0.0], 'walktrap': [0.9538969408002954, 0.9659351832527463, 0.9756412740551257, 0.9848257035252679, 0.9720264098563878, 0.991913181139777, 0.9756904087372285, 0.9797829528494425]}, 'rand': {'edgeBetweeness': [0.0, 0.0, 0.0, 0.0, 0.0, 0.0, 0.0, 0.0], 'labelPropag': [0.8945075376884422, 0.8454070351758795, 0.8102412060301507, 0.8604874371859296, 0.8350402010050251, 0.8663065326633166, 0.8362763819095477, 0.8270301507537688], 'EM': [0.5087708542713567, 0.5087708542713567, 0.5087708542713567, 0.5087708542713567, 0.5087708542713567, 0.5087708542713567, 0.5087708542713567, 0.5087708542713567], 'fastGreedy': [0.9920603015075378, 0.964819095477387, 0.9950301507537688, 0.9849145728643215, 0.9636884422110553, 0.9773316582914573, 0.9697638190954775, 0.9701507537688443], 'kmeans': [0.5017286432160802, 0.5017286432160802, 0.5017286432160802, 0.5017286432160802, 0.5017286432160802, 0.5017286432160802, 0.5017286432160802, 0.5017286432160802], 'infoMap': [0.5427386934673366, 0.5562361809045226, 0.5670502512562814, 0.6141507537688441, 0.5893467336683417, 0.6034070351758792, 0.6179145728643216, 0.6288743718592964], 'multilevel': [0.9097989949748744, 0.8826683417085427, 0.8235728643216081, 0.9065427135678391, 0.8329145728643217, 0.8811809045226131, 0.8642512562814071, 0.8553015075376885], 'leadingEigen': [0.0, 0.0, 0.0, 0.0, 0.0, 0.0, 0.0, 0.0], 'walktrap': [0.9852713567839195, 0.9900904522613067, 0.9921206030150754, 0.9960100502512562, 0.9920502512562814, 0.998, 0.9930603015075377, 0.9949999999999999]}}
{'nmi': {'after': [0.9781145462251833, 0.9699785926828577, 0.9902447745155178, 0.991913181139777, 0.9862013650854063, 0.991913181139777, 0.9837772275974513, 0.991913181139777], 'before': [0.9781145462251833, 0.9659351832527463, 0.9862013650854063, 0.9848257035252678, 0.9862013650854063, 0.991913181139777, 0.9837772275974513, 0.991913181139777]}, 'rand': {'after': [0.9920603015075378, 0.9910904522613067, 0.9960603015075378, 0.9970100502512562, 0.9950402010050251, 0.998, 0.9950603015075377, 0.998], 'before': [0.9940301507537688, 0.9900904522613067, 0.996030150753769, 0.9960100502512562, 0.996030150753769, 0.998, 0.9950603015075377, 0.998]}}
---------------------------------------------------------------------------------------------------
./C2F50N2Ne100A0.180068240502R0_1.arff
nmi
{'edgeBetweeness': 8.0, 'labelPropag': 2.5, 'EM': 6.0, 'fastGreedy': 1.0, 'kmeans': 7.0, 'infoMap': 4.1, 'multilevel': 2.6, 'leadingEigen': 8.0, 'walktrap': 1.0}
rand
{'edgeBetweeness': 8.0, 'labelPropag': 2.5, 'EM': 6.0, 'fastGreedy': 1.0, 'kmeans': 7.0, 'infoMap': 4.2, 'multilevel': 2.6, 'leadingEigen': 8.0, 'walktrap': 1.0}
[3, 4, 5, 6, 7, 8, 9, 10, 11, 12]
{'nmi': {'edgeBetweeness': [0.0, 0.0, 0.0, 0.0, 0.0, 0.0, 0.0, 0.0, 0.0, 0.0], 'labelPropag': [0.7868869239100996, 0.7317376359724419, 0.6063170464124092, 0.6091851747395362, 0.6756916696893168, 0.6397720735415012, 0.6326296054018047, 0.732932018728967, 0.6661455990263687, 0.8110669951575318], 'EM': [0.045591545049404714, 0.045591545049404714, 0.045591545049404714, 0.045591545049404714, 0.045591545049404714, 0.045591545049404714, 0.045591545049404714, 0.045591545049404714, 0.045591545049404714, 0.045591545049404714], 'fastGreedy': [0.9338182623008251, 0.9503917900561628, 0.8947845491327706, 0.9655588629383214, 0.9821579556552947, 0.9431468629096823, 0.9617708078607858, 0.9794329564406397, 0.9919131811397769, 0.9693639823391482], 'kmeans': [0.0018379269916905302, 0.0018379269916905302, 0.0018379269916905302, 0.0018379269916905302, 0.0018379269916905302, 0.0018379269916905302, 0.0018379269916905302, 0.0018379269916905302, 0.0018379269916905302, 0.0018379269916905302], 'infoMap': [0.3570145749524818, 0.3755638280614343, 0.3924688964963446, 0.41263305670022554, 0.4246996778419659, 0.44969856087992544, 0.5142638423832177, 0.5863198818133265, 0.5635839287070197, 0.5372567967897701], 'multilevel': [0.7871275902200737, 0.7539327733641585, 0.6524948903625942, 0.6309915512555161, 0.703242522038918, 0.6347066013021946, 0.6684576229216265, 0.7413563909717888, 0.6633217924751189, 0.7751814843091113], 'leadingEigen': [0.0, 0.0, 0.0, 0.0, 0.0, 0.0, 0.0, 0.0, 0.0, 0.0], 'walktrap': [0.9571711823513983, 0.949976175790353, 0.9295975146060187, 0.9566040042306595, 0.9558036374538391, 0.9848257035252675, 0.9734073917692598, 0.9919131811397769, 0.9617708078607856, 0.9764461396009241]}, 'rand': {'edgeBetweeness': [0.0, 0.0, 0.0, 0.0, 0.0, 0.0, 0.0, 0.0, 0.0, 0.0], 'labelPropag': [0.8990552763819096, 0.8784824120603016, 0.8062713567839195, 0.7766834170854271, 0.8131407035175879, 0.8086432160804019, 0.8072814070351757, 0.8444723618090452, 0.8122763819095477, 0.9044120603015073], 'EM': [0.5168168341708543, 0.5168168341708543, 0.5168168341708543, 0.5168168341708543, 0.5168168341708543, 0.5168168341708543, 0.5168168341708543, 0.5168168341708543, 0.5168168341708543, 0.5168168341708543], 'fastGreedy': [0.9761407035175879, 0.9844723618090452, 0.9571658291457286, 0.9900804020100502, 0.9950301507537688, 0.9745276381909548, 0.9873115577889446, 0.9931507537688443, 0.998, 0.9902110552763819], 'kmeans': [0.498748743718593, 0.498748743718593, 0.498748743718593, 0.498748743718593, 0.498748743718593, 0.498748743718593, 0.498748743718593, 0.498748743718593, 0.498748743718593, 0.498748743718593], 'infoMap': [0.5442361809045226, 0.5543819095477386, 0.5654221105527638, 0.5736934673366834, 0.5853467336683418, 0.6002010050251256, 0.6631005025125628, 0.6997035175879396, 0.690859296482412, 0.6695778894472361], 'multilevel': [0.9172010050251256, 0.9035427135678393, 0.8503316582914572, 0.8261206030150753, 0.8526984924623114, 0.8305226130653267, 0.8396984924623115, 0.8459246231155779, 0.8108844221105527, 0.8956532663316583], 'leadingEigen': [0.0, 0.0, 0.0, 0.0, 0.0, 0.0, 0.0, 0.0, 0.0, 0.0], 'walktrap': [0.9871708542713569, 0.982502512562814, 0.9756733668341709, 0.987140703517588, 0.9871105527638191, 0.9960100502512563, 0.9912110552763819, 0.998, 0.9873115577889446, 0.9930603015075375]}}
{'nmi': {'after': [0.9848257035252679, 0.9644385557307587, 0.9548225034511681, 0.9655588629383214, 0.9848257035252675, 0.9848257035252675, 0.9734073917692598, 0.9919131811397769, 0.9919131811397769, 0.9878697717096656], 'before': [0.98178163534087, 0.9603951463006473, 0.9548225034511681, 0.9655588629383214, 0.9848257035252675, 0.9848257035252675, 0.9734073917692598, 0.9919131811397769, 0.9919131811397769, 0.9848257035252678]}, 'rand': {'after': [0.9950201005025126, 0.982502512562814, 0.982258098107577, 0.988140703517588, 0.9940402010050251, 0.9960100502512563, 0.9912110552763819, 0.998, 0.9960301507537688, 0.9930603015075375], 'before': [0.9950201005025126, 0.9872914572864321, 0.9853015075376884, 0.9900804020100502, 0.9960100502512563, 0.9960100502512563, 0.9912110552763819, 0.998, 0.998, 0.9960100502512563]}}
---------------------------------------------------------------------------------------------------
./C50F2N2Ne5A24.9905257444R0_1.arff
nmi
{'edgeBetweeness': 8.0, 'labelPropag': 4.125, 'EM': 2.0, 'fastGreedy': 7.0, 'kmeans': 1.0, 'infoMap': 4.875, 'multilevel': 6.0, 'leadingEigen': 8.0, 'walktrap': 3.0}
rand
{'edgeBetweeness': 8.0, 'labelPropag': 4.125, 'EM': 2.0, 'fastGreedy': 7.0, 'kmeans': 1.0, 'infoMap': 4.875, 'multilevel': 6.0, 'leadingEigen': 8.0, 'walktrap': 3.0}
[12, 13]
{'nmi': {'edgeBetweeness': [0.0, 0.0], 'labelPropag': [0.7759724774867095, 0.7682276431152286], 'EM': [0.934609495307075, 0.934609495307075], 'fastGreedy': [0.6452800759113345, 0.6396155799173913], 'kmeans': [0.9392712192683884, 0.9392712192683884], 'infoMap': [0.7635517076007348, 0.7578173468697524], 'multilevel': [0.7022171810298041, 0.6815772950092901], 'leadingEigen': [0.0, 0.0], 'walktrap': [0.910162037481695, 0.9015027068410777]}, 'rand': {'edgeBetweeness': [0.0, 0.0], 'labelPropag': [0.9385943775100402, 0.9351004016064257], 'EM': [0.9908102811244982, 0.9908102811244982], 'fastGreedy': [0.8438152610441767, 0.8382530120481928], 'kmeans': [0.991836144578313, 0.991836144578313], 'infoMap': [0.9330923694779117, 0.931128514056225], 'multilevel': [0.8994337349397591, 0.885859437751004], 'leadingEigen': [0.0, 0.0], 'walktrap': [0.9838313253012049, 0.9834257028112449]}}
{'nmi': {'after': [0.910162037481695, 0.9015027068410777], 'before': [0.8671013527165815, 0.8727356942101324]}, 'rand': {'after': [0.9838313253012049, 0.9834257028112449], 'before': [0.9811726907630522, 0.981574297188755]}}
---------------------------------------------------------------------------------------------------
