./C10F2N2Ne5A2.78342142966R0_1.arff
nmi
{'leadingEigen': 6.4, 'walktrap': 1.0, 'multilevel': 6.5, 'EM': 4.7, 'labelPropag': 7.6, 'infoMap': 6.4, 'edgeBetweeness': 3.5, 'fastGreedy': 5.7, 'kmeans': 2.9}
rand
{'leadingEigen': 7.1, 'walktrap': 1.0, 'multilevel': 5.8, 'EM': 3.0, 'labelPropag': 8.1, 'infoMap': 6.5, 'edgeBetweeness': 3.8, 'fastGreedy': 7.3, 'kmeans': 2.0}
{'rand': {'after': [0.8224489795918367, 0.7934693877551019, 0.7939173131848978, 0.7813061224489795, 0.778229021503881, 0.7693872733438191, 0.7697082702956713, 0.740798611478213], 'before': [0.8888775510204081, 0.8853514739229024, 0.8826938775510202, 0.877061224489796, 0.8753469387755102, 0.8772244897959183, 0.8753469387755102, 0.8773061224489795]}, 'nmi': {'after': [0.7212286358519908, 0.7140923366792342, 0.7325227974816123, 0.7079991398908968, 0.7368541949913489, 0.7279325531272746, 0.7509336204694461, 0.7306660250290775], 'before': [0.6405526764486973, 0.62852219189096, 0.636067729429061, 0.6259201614974279, 0.625828785222549, 0.6377613044477444, 0.6311531877522648, 0.6281684978398545]}}
[4, 5, 6, 7, 8, 9, 10, 11]
{'rand': {'leadingEigen': [0.8158163265306121, 0.8065306122448979, 0.8023673469387754, 0.7839183673469388, 0.778204081632653, 0.7762448979591836, 0.754204081632653, 0.7482448979591836], 'walktrap': [0.9010204081632653, 0.9012244897959183, 0.8981224489795918, 0.8965714285714285, 0.9035918367346938, 0.8988571428571428, 0.9066938775510203, 0.9006530612244898], 'multilevel': [0.8295918367346938, 0.824580498866213, 0.8105306122448978, 0.7998367346938775, 0.7832653061224487, 0.7587755102040815, 0.7554285714285713, 0.7637551020408163], 'EM': [0.8729102040816328, 0.8729102040816328, 0.8729102040816328, 0.8729102040816328, 0.8729102040816328, 0.8729102040816328, 0.8729102040816328, 0.8729102040816328], 'labelPropag': [0.8559183673469387, 0.8165986394557823, 0.7740408163265304, 0.7641632653061223, 0.7120816326530612, 0.7073469387755101, 0.6799183673469387, 0.6884081632653061], 'infoMap': [0.8559183673469388, 0.8360997732426303, 0.8053061224489795, 0.7946122448979591, 0.7663673469387755, 0.7443265306122449, 0.7205714285714284, 0.651673469387755], 'edgeBetweeness': [0.8855102040816327, 0.8726530612244898, 0.8581224489795918, 0.8533061224489794, 0.8388571428571427, 0.833469387755102, 0.8142040816326531, 0.7960816326530613], 'fastGreedy': [0.8224489795918367, 0.7934693877551019, 0.7938775510204081, 0.7813061224489795, 0.7696326530612244, 0.7466938775510203, 0.7412244897959183, 0.7178775510204082], 'kmeans': [0.8823673469387756, 0.8823673469387756, 0.8823673469387756, 0.8823673469387756, 0.8823673469387756, 0.8823673469387756, 0.8823673469387756, 0.8823673469387756]}, 'nmi': {'leadingEigen': [0.5461680990498711, 0.5370245238960556, 0.5473677623334585, 0.5080476281347791, 0.5139388081743316, 0.5143118630556655, 0.49063293305704947, 0.4932899968704393], 'walktrap': [0.7212286358519908, 0.7140923366792342, 0.7325227974816123, 0.7079991398908968, 0.7368541949913489, 0.7279325531272746, 0.7509336204694461, 0.7306660250290775], 'multilevel': [0.5578115904915887, 0.5657731348230918, 0.5559730276043829, 0.5404985323721645, 0.5258601821565845, 0.5099777342510612, 0.5007000564441098, 0.5122753069403168], 'EM': [0.6231628865615961, 0.6231628865615961, 0.6231628865615961, 0.6231628865615961, 0.6231628865615961, 0.6231628865615961, 0.6231628865615961, 0.6231628865615961], 'labelPropag': [0.593827636440257, 0.5509904177435918, 0.5312819346093559, 0.5149456352893041, 0.47134279032039095, 0.47410150937565304, 0.44822018666996366, 0.44375133082844176], 'infoMap': [0.5935104088825232, 0.5661266358449323, 0.5548314481045573, 0.5328973398573155, 0.5144140062030205, 0.5046442077052238, 0.48050461905624137, 0.44061753891696204], 'edgeBetweeness': [0.6321222754273337, 0.6014771149929177, 0.6047273468452079, 0.6096317891831883, 0.5987560760165462, 0.6001685208423014, 0.5818679183045135, 0.5631572884568177], 'fastGreedy': [0.5863540271737758, 0.565604123134356, 0.5713074581689978, 0.5608973791262162, 0.5710750316457847, 0.5240379866717527, 0.5443868431727561, 0.5140999752892912], 'kmeans': [0.6387684481275084, 0.6387684481275084, 0.6387684481275084, 0.6387684481275084, 0.6387684481275084, 0.6387684481275084, 0.6387684481275084, 0.6387684481275084]}}
---------------------------------------------------------------------------------------------------
./C10F2N2Ne5A5.56684285932R0_1.arff
nmi
{'leadingEigen': 7.8, 'walktrap': 1.8, 'multilevel': 6.7, 'EM': 2.7, 'labelPropag': 5.9, 'infoMap': 5.8, 'edgeBetweeness': 4.6, 'fastGreedy': 7.4, 'kmeans': 1.7}
rand
{'leadingEigen': 7.2, 'walktrap': 2.4, 'multilevel': 6.5, 'EM': 2.3, 'labelPropag': 6.4, 'infoMap': 6.1, 'edgeBetweeness': 4.0, 'fastGreedy': 7.8, 'kmeans': 1.3}
{'rand': {'after': [0.8685257146958568, 0.8269218011639722, 0.8113648858078715, 0.8031080850898265, 0.8020915532616032, 0.7985164870244937], 'before': [0.928265306122449, 0.9192743764172333, 0.9106938775510203, 0.9117551020408164, 0.9126530612244897, 0.9083265306122449]}, 'nmi': {'after': [0.8142892606306131, 0.7935604284653578, 0.7920080158665627, 0.7953262487595556, 0.7776222954906048, 0.7762612170254505], 'before': [0.7941590727402995, 0.7700253956243414, 0.7533894295880643, 0.758066178908847, 0.7521372165164146, 0.7495986411678504]}}
[5, 6, 7, 8, 9, 10]
{'rand': {'leadingEigen': [0.8598979591836735, 0.8340136054421767, 0.8083265306122447, 0.7811428571428569, 0.7875918367346937, 0.7732244897959184], 'walktrap': [0.9367346938775509, 0.9270748299319727, 0.924, 0.918938775510204, 0.9199999999999999, 0.917142857142857], 'multilevel': [0.8713265306122447, 0.8329251700680271, 0.8206530612244898, 0.8019591836734692, 0.7768163265306123, 0.7756734693877549], 'EM': [0.9243428571428571, 0.9243428571428571, 0.9243428571428571, 0.9243428571428571, 0.9243428571428571, 0.9243428571428571], 'labelPropag': [0.8882653061224489, 0.8662131519274374, 0.8171428571428571, 0.7697142857142858, 0.6999183673469388, 0.6164897959183673], 'infoMap': [0.8945918367346939, 0.8574149659863946, 0.8215510204081632, 0.802530612244898, 0.7878367346938775, 0.7545306122448977], 'edgeBetweeness': [0.9203061224489796, 0.904580498866213, 0.8867755102040815, 0.8770612244897957, 0.846204081632653, 0.8358367346938775], 'fastGreedy': [0.8661224489795917, 0.8157823129251699, 0.7944489795918365, 0.7846530612244897, 0.7827755102040816, 0.7756734693877549], 'kmeans': [0.9279183673469389, 0.9279183673469389, 0.9279183673469389, 0.9279183673469389, 0.9279183673469389, 0.9279183673469389]}, 'nmi': {'leadingEigen': [0.6838643999663121, 0.6640296582593028, 0.6242142732437567, 0.5827602146534496, 0.5890330416171113, 0.5767711065646859], 'walktrap': [0.8142892606306131, 0.7935604284653578, 0.7920080158665627, 0.7953262487595556, 0.7776222954906048, 0.7762612170254505], 'multilevel': [0.7117799330528863, 0.6666253643466526, 0.6596023152030017, 0.6379612157243906, 0.6010692103930062, 0.5947650806070887], 'EM': [0.7839312124315836, 0.7839312124315836, 0.7839312124315836, 0.7839312124315836, 0.7839312124315836, 0.7839312124315836], 'labelPropag': [0.7410595417672368, 0.7145281729529958, 0.6550920994803854, 0.6016641249510434, 0.5400939008966225, 0.4883821733288147], 'infoMap': [0.7493200528821111, 0.7087724501686999, 0.6652960255599388, 0.6487275028861169, 0.6272686689267352, 0.583332723452608], 'edgeBetweeness': [0.7709765616247729, 0.7417014301203417, 0.7145703807430671, 0.7090269670861836, 0.6724907722280822, 0.6586795537356344], 'fastGreedy': [0.7106076004881696, 0.6515473351062697, 0.6281495881884294, 0.6151937244325313, 0.6155645373826382, 0.6099481033724045], 'kmeans': [0.79129274117983, 0.79129274117983, 0.79129274117983, 0.79129274117983, 0.79129274117983, 0.79129274117983]}}
---------------------------------------------------------------------------------------------------
./C10F50N2Ne5A0.645374900663R0_1.arff
nmi
{'leadingEigen': 6.7, 'walktrap': 1.0, 'multilevel': 5.4, 'EM': 4.7, 'labelPropag': 8.222222222222221, 'infoMap': 5.111111111111111, 'edgeBetweeness': 2.3333333333333335, 'fastGreedy': 3.0, 'kmeans': 3.7}
rand
{'leadingEigen': 5.8, 'walktrap': 1.1, 'multilevel': 3.9, 'EM': 6.1, 'labelPropag': 8.222222222222221, 'infoMap': 5.111111111111111, 'edgeBetweeness': 3.7, 'fastGreedy': 2.5, 'kmeans': 4.9}