./C10F2N2Ne50A2.31863882985R0_1.arff
nmi
{'walktrap': 4.3, 'labelPropag': 3.0, 'infoMap': 3.9, 'leadingEigen': 7.2, 'EM': 4.3, 'fastGreedy': 6.6, 'edgeBetweeness': 3.2, 'kmeans': 3.2, 'multilevel': 4.0}
rand
{'walktrap': 5.6, 'labelPropag': 1.5, 'infoMap': 1.5, 'leadingEigen': 8.2, 'EM': 7.7, 'fastGreedy': 4.5, 'edgeBetweeness': 4.4, 'kmeans': 5.5, 'multilevel': 3.0}
[4, 5, 6, 7, 8, 9, 10]
{'nmi': {'walktrap': [0.4056889459012566, 0.4201935282081083, 0.4311489203027742, 0.42993225983094296, 0.4290736247635766, 0.4365508221630125, 0.42816443659836895], 'labelPropag': [0.4422412137643037, 0.4393021154822576, 0.43871425215403576, 0.43957349024087716, 0.4383763725567443, 0.4393170381071382, 0.43579876123077366], 'infoMap': [0.4403834989005314, 0.43993123872313766, 0.4399200228020662, 0.437484362406318, 0.4384059469218677, 0.4382598193016311, 0.44139156008708813], 'leadingEigen': [0.36850743121456997, 0.38445829135972887, 0.3762635384813558, 0.3893521546434023, 0.38017619331266445, 0.37958201655179297, 0.3717280453765345], 'EM': [0.4369509760417404, 0.4369509760417404, 0.4369509760417404, 0.4369509760417404, 0.4369509760417404, 0.4369509760417404, 0.4369509760417404], 'fastGreedy': [0.4145243161586416, 0.4139307678448853, 0.3892939969726626, 0.3908364904619691, 0.380461727560875, 0.3863073035120152, 0.37174205329756915], 'multilevel': [0.4314197703526374, 0.43635508340013385, 0.43758863771993556, 0.4386432944652534, 0.4375316626117282, 0.43464532116666615, 0.4354959470430013], 'kmeans': [0.4371522101473479, 0.4371522101473479, 0.4371522101473479, 0.4371522101473479, 0.4371522101473479, 0.4371522101473479, 0.4371522101473479], 'edgeBetweeness': [0.4154988137834216, 0.4170646320342484, 0.43096820111307216, 0.43867854068065065, 0.4259465898035133, 0.43385051208352754, 0.43877789233703346]}, 'rand': {'walktrap': [0.8431166332665331, 0.8472312625250501, 0.8513354709418838, 0.8497691382765531, 0.8506573146292584, 0.8549587174348698, 0.851811623246493], 'labelPropag': [0.8991134268537074, 0.8982621242484967, 0.8969883767535072, 0.8965338677354711, 0.8950501002004009, 0.8941130260521042, 0.8910565130260523], 'infoMap': [0.8990909819639278, 0.8978701402805612, 0.8974581162324649, 0.8959070140280561, 0.8952889779559119, 0.893838877755511, 0.8928160320641283], 'leadingEigen': [0.7793322645290581, 0.7899294589178357, 0.7965547094188377, 0.800452104208417, 0.7985971943887776, 0.7854492985971945, 0.7691847695390782], 'EM': [0.8418142284569139, 0.8418142284569139, 0.8418142284569139, 0.8418142284569139, 0.8418142284569139, 0.8418142284569139, 0.8418142284569139], 'fastGreedy': [0.8608024048096192, 0.84854749498998, 0.8299190380761523, 0.8126973947895791, 0.7945755511022045, 0.7835486973947896, 0.7740513026052105], 'multilevel': [0.8864096192384769, 0.8835038076152306, 0.8820729458917835, 0.8792585170340681, 0.87730501002004, 0.8744112224448898, 0.8728128256513028], 'kmeans': [0.8560320641282566, 0.8560320641282566, 0.8560320641282566, 0.8560320641282566, 0.8560320641282566, 0.8560320641282566, 0.8560320641282566], 'edgeBetweeness': [0.857380360721443, 0.8590605210420842, 0.8598813627254508, 0.8615567134268538, 0.8614212424849699, 0.862384769539078, 0.8611414829659321]}}
---------------------------------------------------------------------------------------------------
./C10F2N2Ne50A4.63727765969R0_1.arff
nmi
{'walktrap': 3.3, 'labelPropag': 7.3, 'infoMap': 6.0, 'leadingEigen': 7.2, 'EM': 3.0, 'fastGreedy': 6.2, 'edgeBetweeness': 2.2, 'kmeans': 4.4, 'multilevel': 3.1}
rand
{'walktrap': 4.8, 'labelPropag': 4.9, 'infoMap': 3.0, 'leadingEigen': 8.3, 'EM': 5.5, 'fastGreedy': 8.3, 'edgeBetweeness': 2.7, 'kmeans': 4.2, 'multilevel': 2.2}
[7, 8, 9, 10, 11]
{'nmi': {'walktrap': [0.707270234071106, 0.7132750221694228, 0.7217903994350402, 0.7195197769933108, 0.717467194355371], 'labelPropag': [0.6281369330240124, 0.6359802391656391, 0.6514717938670274, 0.6523294187023193, 0.6607891117786291], 'infoMap': [0.6431429007862562, 0.6441888564031545, 0.6656771934652803, 0.6711029064703194, 0.6740258807676496], 'leadingEigen': [0.6291573026906744, 0.6309440364047559, 0.6555373356287613, 0.6205877483940807, 0.6488023362059148], 'EM': [0.7260826529694235, 0.7260826529694235, 0.7260826529694235, 0.7260826529694235, 0.7260826529694235], 'fastGreedy': [0.670243144791316, 0.6792575555044477, 0.6664295392381429, 0.6651715491254981, 0.637398113744419], 'multilevel': [0.6953589597364485, 0.7017975619203086, 0.7123127119965605, 0.7179735506479248, 0.716586041925971], 'kmeans': [0.7121419695606331, 0.7121419695606331, 0.7121419695606331, 0.7121419695606331, 0.7121419695606331], 'edgeBetweeness': [0.7115301940986726, 0.7200366122079602, 0.733868045670027, 0.7201963127746117, 0.7315734460406011]}, 'rand': {'walktrap': [0.9063486973947896, 0.9076202404809619, 0.9108127365842797, 0.9131118236472944, 0.9110372745490981], 'labelPropag': [0.9125, 0.9138907815631262, 0.9156677800044535, 0.9158709418837676, 0.9166156312625251], 'infoMap': [0.9152274549098196, 0.9152565130260522, 0.9195760409708306, 0.9202805611222444, 0.9206060120240481], 'leadingEigen': [0.8429779559118238, 0.8569629258517035, 0.8718851035404139, 0.839640881763527, 0.8651334669338677], 'EM': [0.9142672945891782, 0.9142672945891782, 0.9142672945891782, 0.9142672945891782, 0.9142672945891782], 'fastGreedy': [0.8734849699398797, 0.8676442885771545, 0.860079269650412, 0.8493707414829659, 0.8300513026052105], 'multilevel': [0.9201733466933868, 0.9208557114228457, 0.924896904920953, 0.9253450901803607, 0.9244320641282565], 'kmeans': [0.9162957915831663, 0.9162957915831663, 0.9162957915831663, 0.9162957915831663, 0.9162957915831663], 'edgeBetweeness': [0.915933867735471, 0.9184689378757515, 0.9235421955021155, 0.9197963927855712, 0.9235735470941885]}}
---------------------------------------------------------------------------------------------------
./C10F2N2Ne5A2.78342142966R0_1.arff
nmi
{'walktrap': 2.2, 'labelPropag': 6.5, 'infoMap': 6.6, 'leadingEigen': 6.5, 'EM': 4.2, 'fastGreedy': 5.7, 'edgeBetweeness': 3.2, 'kmeans': 2.6, 'multilevel': 6.8}
rand
{'walktrap': 1.9, 'labelPropag': 6.8, 'infoMap': 6.7, 'leadingEigen': 7.5, 'EM': 2.8, 'fastGreedy': 7.5, 'edgeBetweeness': 3.8, 'kmeans': 1.5, 'multilevel': 6.3}
[4, 5, 6, 7, 8, 9, 10]
{'nmi': {'walktrap': [0.627612013226948, 0.6242263774645176, 0.6348810304150871, 0.621942522203029, 0.6215311748068146, 0.6260287735673756, 0.6275055123186706], 'labelPropag': [0.5656800745791154, 0.5354891130730697, 0.5451538048798545, 0.4891981297475678, 0.4757146273134182, 0.4650357422903325, 0.43573457543050387], 'infoMap': [0.5938779029447285, 0.5630412895935206, 0.5548314481045573, 0.524285469772214, 0.5144140062030205, 0.5046442077052238, 0.48050461905624137], 'leadingEigen': [0.5440021286902205, 0.5370245238960556, 0.5473677623334585, 0.5080476281347791, 0.5089122279169482, 0.5093644585252103, 0.48882204319131606], 'EM': [0.6248663630200199, 0.6248663630200199, 0.6248663630200199, 0.6248663630200199, 0.6248663630200199, 0.6248663630200199, 0.6248663630200199], 'fastGreedy': [0.5863540271737758, 0.565604123134356, 0.5699445819497474, 0.5540841540730713, 0.5622865167914384, 0.5221754597016718, 0.5192263807773101], 'multilevel': [0.5578115904915887, 0.5657731348230918, 0.5559730276043829, 0.5404985323721645, 0.5258601821565845, 0.5063474400168323, 0.5007000564441098], 'kmeans': [0.6387684481275084, 0.6387684481275084, 0.6387684481275084, 0.6387684481275084, 0.6387684481275084, 0.6387684481275084, 0.6387684481275084], 'edgeBetweeness': [0.6321222754273337, 0.6014771149929177, 0.6047273468452079, 0.6096317891831883, 0.599845823396583, 0.6001685208423014, 0.5818679183045135]}, 'rand': {'walktrap': [0.8869387755102041, 0.8848072562358276, 0.8826938775510202, 0.8768163265306121, 0.8751836734693876, 0.8772244897959183, 0.8753469387755102], 'labelPropag': [0.831734693877551, 0.8065306122448979, 0.8004897959183672, 0.7264489795918365, 0.7284081632653059, 0.6979591836734694, 0.6522448979591836], 'infoMap': [0.8558163265306122, 0.8310204081632653, 0.8053061224489795, 0.7871020408163265, 0.7663673469387755, 0.7443265306122449, 0.7205714285714284], 'leadingEigen': [0.8158163265306121, 0.8065306122448979, 0.8023673469387754, 0.7839183673469388, 0.7759183673469388, 0.7762448979591836, 0.754204081632653], 'EM': [0.8734000000000002, 0.8734000000000002, 0.8734000000000002, 0.8734000000000002, 0.8734000000000002, 0.8734000000000002, 0.8734000000000002], 'fastGreedy': [0.8224489795918367, 0.7934693877551019, 0.7915918367346938, 0.7813061224489795, 0.7679999999999999, 0.7466938775510203, 0.7358367346938774], 'multilevel': [0.8295918367346938, 0.824580498866213, 0.8105306122448978, 0.7998367346938775, 0.7832653061224487, 0.7587755102040815, 0.7554285714285713], 'kmeans': [0.8823673469387756, 0.8823673469387756, 0.8823673469387756, 0.8823673469387756, 0.8823673469387756, 0.8823673469387756, 0.8823673469387756], 'edgeBetweeness': [0.8855102040816327, 0.8726530612244898, 0.8581224489795918, 0.8533061224489794, 0.8393469387755103, 0.833469387755102, 0.8142040816326531]}}
---------------------------------------------------------------------------------------------------
./C10F2N2Ne5A5.56684285932R0_1.arff
nmi
{'walktrap': 2.6, 'labelPropag': 6.1, 'infoMap': 4.9, 'leadingEigen': 7.6, 'EM': 2.5, 'fastGreedy': 7.4, 'edgeBetweeness': 4.5, 'kmeans': 1.4, 'multilevel': 6.5}
rand
{'walktrap': 2.6, 'labelPropag': 6.7, 'infoMap': 5.7, 'leadingEigen': 7.2, 'EM': 2.1, 'fastGreedy': 7.7, 'edgeBetweeness': 4.0, 'kmeans': 1.1, 'multilevel': 6.4}
[5, 6, 7, 8, 9, 10]
{'nmi': {'walktrap': [0.7918318143038308, 0.7663700203335699, 0.750955980653291, 0.7561451376493903, 0.7521372165164146, 0.7495986411678504], 'labelPropag': [0.736661098675013, 0.6992772121243672, 0.6488148346919275, 0.6206939564649145, 0.5374133547049074, 0.4772932938283092], 'infoMap': [0.7458406246023832, 0.7087724501686999, 0.676544415840968, 0.6487275028861169, 0.6272686689267352, 0.583332723452608], 'leadingEigen': [0.6838643999663121, 0.6640296582593028, 0.6242142732437567, 0.5827602146534496, 0.5890330416171113, 0.5681766965756955], 'EM': [0.7829339511893951, 0.7829339511893951, 0.7829339511893951, 0.7829339511893951, 0.7829339511893951, 0.7829339511893951], 'fastGreedy': [0.7106076004881696, 0.6515473351062697, 0.6281495881884294, 0.6115367296107924, 0.6106952993481133, 0.6071066914522192], 'multilevel': [0.7117799330528863, 0.6656424781391325, 0.6596023152030017, 0.6379612157243906, 0.6010692103930062, 0.5947650806070887], 'kmeans': [0.79129274117983, 0.79129274117983, 0.79129274117983, 0.79129274117983, 0.79129274117983, 0.79129274117983], 'edgeBetweeness': [0.7709765616247729, 0.7417014301203417, 0.7145703807430671, 0.7090269670861836, 0.6724907722280822, 0.6586795537356344]}, 'rand': {'walktrap': [0.9273469387755101, 0.9192743764172333, 0.9106938775510203, 0.9117551020408164, 0.9126530612244897, 0.9083265306122449], 'labelPropag': [0.8910204081632651, 0.862312925170068, 0.8169795918367345, 0.7943673469387755, 0.686204081632653, 0.6313469387755102], 'infoMap': [0.8935714285714286, 0.8574149659863946, 0.8271836734693878, 0.802530612244898, 0.7878367346938775, 0.7545306122448977], 'leadingEigen': [0.8598979591836735, 0.8340136054421767, 0.8083265306122447, 0.7811428571428569, 0.7875918367346937, 0.7703673469387755], 'EM': [0.9243102040816327, 0.9243102040816327, 0.9243102040816327, 0.9243102040816327, 0.9243102040816327, 0.9243102040816327], 'fastGreedy': [0.8661224489795917, 0.8157823129251699, 0.7944489795918365, 0.7800816326530612, 0.777061224489796, 0.7713469387755101], 'multilevel': [0.8713265306122447, 0.8329251700680271, 0.8206530612244898, 0.8019591836734692, 0.7768163265306123, 0.7756734693877549], 'kmeans': [0.9279183673469389, 0.9279183673469389, 0.9279183673469389, 0.9279183673469389, 0.9279183673469389, 0.9279183673469389], 'edgeBetweeness': [0.9203061224489796, 0.904580498866213, 0.8867755102040815, 0.8770612244897957, 0.846204081632653, 0.8358367346938775]}}
---------------------------------------------------------------------------------------------------
./C10F50N2Ne50A0.0720546027497R0_1.arff
nmi
{'walktrap': 3.5, 'labelPropag': 6.0, 'infoMap': 2.1, 'leadingEigen': 7.0, 'EM': 9.0, 'fastGreedy': 2.9, 'edgeBetweeness': 1.6, 'kmeans': 7.9, 'multilevel': 1.0}
rand
{'walktrap': 3.7, 'labelPropag': 5.9, 'infoMap': 2.0, 'leadingEigen': 7.6, 'EM': 8.7, 'fastGreedy': 3.0, 'edgeBetweeness': 1.9, 'kmeans': 7.7, 'multilevel': 1.0}
[3, 4, 5, 6, 7, 8, 9, 10]
{'nmi': {'walktrap': [0.8032355166063633, 0.8845437280293194, 0.8580307832194762, 0.8688269704093153, 0.8522117011726289, 0.8383604877409585, 0.8171577486213083, 0.8300217516419517], 'labelPropag': [0.6934971087674319, 0.7083733317920561, 0.7180274251398043, 0.6903275808669941, 0.673441752062039, 0.4987610708833138, 0.45802579105385616, 0.2375903870786415], 'infoMap': [0.7294327518575352, 0.7650699003462467, 0.7799556056235666, 0.8120743969622308, 0.8265067341146157, 0.8427175010179209, 0.8499557675200732, 0.8664808986327447], 'leadingEigen': [0.4766396330873238, 0.5423923888356885, 0.4753672542044364, 0.4672372706575424, 0.40463861587736244, 0.36867045596143927, 0.3566237887478276, 0.33922658333230465], 'EM': [0.27717321580042464, 0.27717321580042464, 0.27717321580042464, 0.27717321580042464, 0.27717321580042464, 0.27717321580042464, 0.27717321580042464, 0.27717321580042464], 'fastGreedy': [0.9043490565346891, 0.9077352887102158, 0.8599310329811274, 0.833556803956095, 0.7781515964509549, 0.7456501368207524, 0.7402159811899932, 0.7242907584709392], 'multilevel': [0.9126916774393707, 0.9325353595954523, 0.9430357236752265, 0.9597685998221198, 0.9407708543770266, 0.953357576831649, 0.9177655652930335, 0.91862405058859], 'kmeans': [0.29046386893210985, 0.29046386893210985, 0.29046386893210985, 0.29046386893210985, 0.29046386893210985, 0.29046386893210985, 0.29046386893210985, 0.29046386893210985], 'edgeBetweeness': [0.9289211816505568, 0.9321853842874213, 0.9156982279916864, 0.8690076346841378, 0.8398474741386636, 0.760132600275114, 0.680053086595479, 0.6131937143505466]}, 'rand': {'walktrap': [0.8832254509018036, 0.9505402805611223, 0.9365547094188378, 0.9419839679358717, 0.9286549098196394, 0.9196585170340683, 0.9102925851703407, 0.920277354709419], 'labelPropag': [0.9143987975951906, 0.9127102204408816, 0.9107791583166334, 0.8718629258517033, 0.8381947895791582, 0.6224112224448899, 0.5672336673346693, 0.31672224448897784], 'infoMap': [0.9207765531062124, 0.9283366733466935, 0.9325635270541082, 0.942428857715431, 0.9477563126252505, 0.9521995991983969, 0.9546629258517033, 0.9606260521042083], 'leadingEigen': [0.7402064128256512, 0.7922773547094187, 0.7520472945891784, 0.7622476953907815, 0.7171286573146294, 0.7201082164328658, 0.7166340681362725, 0.6921627254509017], 'EM': [0.7768564328657315, 0.7768564328657315, 0.7768564328657315, 0.7768564328657315, 0.7768564328657315, 0.7768564328657315, 0.7768564328657315, 0.7768564328657315], 'fastGreedy': [0.9719509018036073, 0.9695503006012023, 0.9465547094188377, 0.9299895791583166, 0.9039310621242486, 0.8861194388777553, 0.8806492985971944, 0.8742685370741483], 'multilevel': [0.9753687374749498, 0.9819054108216434, 0.9853290581162325, 0.9901867735470942, 0.9843903807615231, 0.9876881763527054, 0.9769298597194389, 0.9771494989979962], 'kmeans': [0.7797002004008016, 0.7797002004008016, 0.7797002004008016, 0.7797002004008016, 0.7797002004008016, 0.7797002004008016, 0.7797002004008016, 0.7797002004008016], 'edgeBetweeness': [0.9782254509018037, 0.9780488977955912, 0.9730164328657315, 0.9419647294589177, 0.9275959919839678, 0.8750388777555109, 0.8054949899799597, 0.7400537074148297]}}
---------------------------------------------------------------------------------------------------
./C10F50N2Ne50A0.144109205499R0_1.arff
nmi
{'walktrap': 2.3, 'labelPropag': 6.1, 'infoMap': 2.1, 'leadingEigen': 7.4, 'EM': 8.8, 'fastGreedy': 2.6, 'edgeBetweeness': 2.1, 'kmeans': 7.8, 'multilevel': 1.1}
rand
{'walktrap': 2.6, 'labelPropag': 5.9, 'infoMap': 1.9, 'leadingEigen': 7.4, 'EM': 7.8, 'fastGreedy': 2.4, 'edgeBetweeness': 2.3, 'kmeans': 8.8, 'multilevel': 1.1}
[3, 4, 5, 6, 7, 8, 9, 10]
{'nmi': {'walktrap': [0.8300986097897167, 0.8690804491587647, 0.8823916520953766, 0.9042043116495124, 0.8857636210119851, 0.8606660258205523, 0.8679369969481134, 0.8625083604480087], 'labelPropag': [0.6797825665103494, 0.7052174595994145, 0.7154586925327819, 0.7004132478751536, 0.6186023948695378, 0.4954763659682003, 0.4414119136187108, 0.1835216022900643], 'infoMap': [0.7274303834071478, 0.7522351540244625, 0.7862522494081737, 0.8164137087428381, 0.8312616723379339, 0.8561973848632679, 0.8731660653177296, 0.8873372363428971], 'leadingEigen': [0.42612304285114494, 0.5207832016585802, 0.5072688966451661, 0.45168832445596074, 0.38052708618505465, 0.3593055521196994, 0.3942362518694154, 0.3779297025401699], 'EM': [0.27521460594383995, 0.27521460594383995, 0.27521460594383995, 0.27521460594383995, 0.27521460594383995, 0.27521460594383995, 0.27521460594383995, 0.27521460594383995], 'fastGreedy': [0.8913611855713387, 0.908742638191854, 0.869922192730686, 0.8361429388272441, 0.8000595991319956, 0.789696739177785, 0.7473425698393019, 0.7268743051281978], 'multilevel': [0.9039318145958581, 0.942691102098865, 0.9710339460722069, 0.960175489607525, 0.9449564033750004, 0.9544279380792483, 0.9439417326066755, 0.9224619913082991], 'kmeans': [0.279932823767162, 0.279932823767162, 0.279932823767162, 0.279932823767162, 0.279932823767162, 0.279932823767162, 0.279932823767162, 0.279932823767162], 'edgeBetweeness': [0.9294242042105136, 0.9246542149818081, 0.9041389108801562, 0.8622993743959114, 0.8337361488419566, 0.792320046633755, 0.705446976378717, 0.6627502492354809]}, 'rand': {'walktrap': [0.9054969939879758, 0.9397931863727456, 0.9509386773547094, 0.9645851703406814, 0.9548264529058116, 0.9401370741482966, 0.9441907815631263, 0.9427575150300601], 'labelPropag': [0.9101472945891784, 0.9140977955911824, 0.9097314629258516, 0.8819334669338676, 0.7908889779559117, 0.6254452905811623, 0.5473907815631261, 0.2640160320641283], 'infoMap': [0.9205470941883769, 0.9257859719438878, 0.9341234468937876, 0.9439735470941883, 0.9484529058116233, 0.9579887775551101, 0.9635607214428857, 0.9681611222444891], 'leadingEigen': [0.6870651302605211, 0.7726324649298598, 0.766069739478958, 0.7388272545090181, 0.7017162324649299, 0.7048641282565131, 0.7173707414829659, 0.6867206412825653], 'EM': [0.7745706613226452, 0.7745706613226452, 0.7745706613226452, 0.7745706613226452, 0.7745706613226452, 0.7745706613226452, 0.7745706613226452, 0.7745706613226452], 'fastGreedy': [0.9664498997995992, 0.969498997995992, 0.9530941883767536, 0.9320705410821646, 0.9124953907815632, 0.9012280561122246, 0.8824448897795591, 0.8757114228456914], 'multilevel': [0.9734889779559117, 0.9852112224448897, 0.9931398797595191, 0.9897434869739478, 0.9836224448897795, 0.9882861723446894, 0.9845691382765531, 0.9764408817635271], 'kmeans': [0.7684456913827654, 0.7684456913827654, 0.7684456913827654, 0.7684456913827654, 0.7684456913827654, 0.7684456913827654, 0.7684456913827654, 0.7684456913827654], 'edgeBetweeness': [0.9780410821643286, 0.9738260521042085, 0.9651014028056112, 0.936077755511022, 0.9227294589178356, 0.8973130260521043, 0.8231519038076153, 0.7840985971943887]}}
---------------------------------------------------------------------------------------------------
./C10F50N2Ne50A0.216163808249R0_1.arff
nmi
{'walktrap': 3.0, 'labelPropag': 5.8, 'infoMap': 1.9, 'leadingEigen': 7.5, 'EM': 8.8, 'fastGreedy': 3.6, 'edgeBetweeness': 2.1, 'kmeans': 7.7, 'multilevel': 1.0}
rand
{'walktrap': 3.1, 'labelPropag': 6.0, 'infoMap': 1.8, 'leadingEigen': 7.6, 'EM': 7.7, 'fastGreedy': 3.5, 'edgeBetweeness': 2.0, 'kmeans': 8.7, 'multilevel': 1.0}
[3, 4, 5, 6, 7, 8, 9, 10]
{'nmi': {'walktrap': [0.8871496540399317, 0.9156966203525402, 0.905463238327543, 0.905485204093757, 0.9036125343957766, 0.8897588180493529, 0.8684630953681898, 0.8553593479169999], 'labelPropag': [0.7050015001367909, 0.7321904831292796, 0.7394408774586443, 0.7413259965268801, 0.7102634493754035, 0.665978890662082, 0.4774980653485229, 0.35488314452677533], 'infoMap': [0.7298533387984798, 0.7632055918063582, 0.7885667328548844, 0.8106867322867315, 0.8349255966691693, 0.8608142011803237, 0.8764976879674984, 0.8868233043079327], 'leadingEigen': [0.5908401372496143, 0.5029590854040122, 0.48535867136706495, 0.45651354747943157, 0.4004683270320837, 0.3958846718737878, 0.3957607136014075, 0.373494526327118], 'EM': [0.2909075649941508, 0.2909075649941508, 0.2909075649941508, 0.2909075649941508, 0.2909075649941508, 0.2909075649941508, 0.2909075649941508, 0.2909075649941508], 'fastGreedy': [0.9389858558696097, 0.8878619501175388, 0.8738261569697727, 0.854847204467398, 0.8238495758201413, 0.8103226586081478, 0.7621682601808767, 0.7596409247227095], 'multilevel': [0.9286825641425858, 0.9640488294919842, 0.9676308452657686, 0.96863321357591, 0.9631136793091954, 0.974060542008082, 0.9588830036748244, 0.9296817102102981], 'kmeans': [0.3057078682271203, 0.3057078682271203, 0.3057078682271203, 0.3057078682271203, 0.3057078682271203, 0.3057078682271203, 0.3057078682271203, 0.3057078682271203], 'edgeBetweeness': [0.957279395469062, 0.9452885372875421, 0.9360808741920563, 0.9230513868603296, 0.8791472283613423, 0.8116315173664661, 0.7469550105010598, 0.6848444368322908]}, 'rand': {'walktrap': [0.9458386773547094, 0.966846492985972, 0.9616537074148297, 0.9634653306613228, 0.9626549098196394, 0.9535871743486973, 0.9442629258517033, 0.9379599198396795], 'labelPropag': [0.9165180360721441, 0.9216561122244489, 0.917549498997996, 0.9051647294589177, 0.8737402805611222, 0.8037843687374748, 0.5779575150300601, 0.44812585170340685], 'infoMap': [0.920749498997996, 0.9276657314629257, 0.9332801603206414, 0.9401811623246493, 0.9479671342685372, 0.9562460921843687, 0.9610260521042084, 0.9655390781563128], 'leadingEigen': [0.832866733466934, 0.7463422845691383, 0.7583799599198396, 0.7324529058116234, 0.7111887775551103, 0.7077298597194389, 0.7115807615230461, 0.709959118236473], 'EM': [0.7735430861723448, 0.7735430861723448, 0.7735430861723448, 0.7735430861723448, 0.7735430861723448, 0.7735430861723448, 0.7735430861723448, 0.7735430861723448], 'fastGreedy': [0.980804609218437, 0.9619583166332666, 0.9523294589178356, 0.9414981963927855, 0.9246300601202403, 0.9164729458917835, 0.8874292585170339, 0.8931470941883767], 'multilevel': [0.9792775551102205, 0.9909795591182364, 0.9922709418837675, 0.9928224448897793, 0.9899903807615231, 0.9938917835671341, 0.9895190380761522, 0.9793899799599199], 'kmeans': [0.7649186372745491, 0.7649186372745491, 0.7649186372745491, 0.7649186372745491, 0.7649186372745491, 0.7649186372745491, 0.7649186372745491, 0.7649186372745491], 'edgeBetweeness': [0.9892965931863729, 0.9831599198396793, 0.9776016032064128, 0.973551102204409, 0.9500184368737473, 0.9076625250501003, 0.854718236472946, 0.7998557114228457]}}
---------------------------------------------------------------------------------------------------
./C10F50N2Ne5A0.645374900663R0_1.arff
nmi
{'walktrap': 1.1, 'labelPropag': 8.333333333333334, 'infoMap': 5.0, 'leadingEigen': 6.7, 'EM': 4.9, 'fastGreedy': 2.888888888888889, 'edgeBetweeness': 2.3333333333333335, 'kmeans': 3.7, 'multilevel': 6.0}
rand
{'walktrap': 1.0, 'labelPropag': 8.444444444444445, 'infoMap': 5.0, 'leadingEigen': 5.8, 'EM': 6.1, 'fastGreedy': 2.4, 'edgeBetweeness': 3.7, 'kmeans': 4.9, 'multilevel': 3.9}
[3, 4, 5, 6, 7, 8, 9, 10]
{'nmi': {'walktrap': [0.6626365200640368, 0.6185799191573645, 0.6120134497261627, 0.575322931129577, 0.5669278440326166, 0.5311617291035773, 0.5248691111699136, 0.5208924886492353], 'labelPropag': [0.27650566411978666, 0.03422097408757412, 0.017721636647511037, 0.027082158141828107, 0.0, 0.0, 0.0, 0.0], 'infoMap': [0.547895411419549, 0.05316490994253311, 0.017721636647511037, 0.0, 0.0, 0.0, 0.0, 0.0], 'leadingEigen': [0.43525480620664214, 0.39651656143556624, 0.3364628847308228, 0.34843453425366966, 0.28437914822084936, 0.26534512701633844, 0.25511953042941127, 0.19146572318902394], 'EM': [0.526159019082429, 0.526159019082429, 0.526159019082429, 0.526159019082429, 0.526159019082429, 0.526159019082429, 0.526159019082429, 0.526159019082429], 'fastGreedy': [0.6104249792352755, 0.54190879042443, 0.5092823080832739, 0.4809002550341761, 0.46178973111647287, 0.4313725194666501, 0.39341059455934824, 0.38628491993588787], 'multilevel': [0.5313286293092503, 0.47641401614260015, 0.43971426817509396, 0.42271542977292587, 0.41450608763575303, 0.39552480655396816, 0.33655069809757243, 0.3401181581817389], 'kmeans': [0.527943568078111, 0.527943568078111, 0.527943568078111, 0.527943568078111, 0.527943568078111, 0.527943568078111, 0.527943568078111, 0.527943568078111], 'edgeBetweeness': [0.6316648127101975, 0.5562386884090673, 0.49221906809177496, 0.4002510389763305, 0.32465598394026635, 0.2978366975998351, 0.2799506442705285, 0.2836018772859114]}, 'rand': {'walktrap': [0.8835374149659866, 0.8705306122448979, 0.874530612244898, 0.8675102040816327, 0.862204081632653, 0.8580408163265305, 0.8554285714285715, 0.8537142857142858], 'labelPropag': [0.4203174603174602, 0.13820408163265294, 0.09599999999999989, 0.12840816326530602, 0.08163265306122436, 0.08163265306122436, 0.08163265306122436, 0.08163265306122436], 'infoMap': [0.7950113378684807, 0.12473469387755096, 0.09599999999999989, 0.08163265306122436, 0.08163265306122436, 0.08163265306122436, 0.08163265306122436, 0.08163265306122436], 'leadingEigen': [0.7836734693877551, 0.7422857142857143, 0.7008979591836735, 0.7286530612244897, 0.683265306122449, 0.6719183673469387, 0.6519183673469386, 0.6106938775510203], 'EM': [0.7614285714285713, 0.7614285714285713, 0.7614285714285713, 0.7614285714285713, 0.7614285714285713, 0.7614285714285713, 0.7614285714285713, 0.7614285714285713], 'fastGreedy': [0.8626757369614512, 0.8274285714285714, 0.8092244897959183, 0.7923265306122448, 0.7711836734693878, 0.7501224489795918, 0.7233469387755103, 0.7266938775510204], 'multilevel': [0.826485260770975, 0.7933877551020407, 0.780326530612245, 0.7758367346938775, 0.7764081632653062, 0.7580408163265305, 0.7347755102040816, 0.7313469387755103], 'kmeans': [0.7659591836734694, 0.7659591836734694, 0.7659591836734694, 0.7659591836734694, 0.7659591836734694, 0.7659591836734694, 0.7659591836734694, 0.7659591836734694], 'edgeBetweeness': [0.8774603174603173, 0.7919183673469388, 0.6943673469387756, 0.530285714285714, 0.41453061224489784, 0.3844081632653061, 0.3611428571428571, 0.36261224489795907]}}
---------------------------------------------------------------------------------------------------
./C10F50N2Ne5A1.29074980133R0_1.arff
nmi
{'walktrap': 1.9, 'labelPropag': 7.4, 'infoMap': 3.5, 'leadingEigen': 8.5, 'EM': 5.2, 'fastGreedy': 3.7, 'edgeBetweeness': 2.3, 'kmeans': 6.3, 'multilevel': 6.2}
rand
{'walktrap': 1.7, 'labelPropag': 7.6, 'infoMap': 4.5, 'leadingEigen': 8.6, 'EM': 5.7, 'fastGreedy': 4.2, 'edgeBetweeness': 1.7, 'kmeans': 4.6, 'multilevel': 6.4}
[3, 4, 5, 6, 7, 8, 9, 10]
{'nmi': {'walktrap': [0.8235891301005109, 0.7854652049808353, 0.7366684049579698, 0.7030684947995612, 0.6881732036728636, 0.6605008848242682, 0.6533532769853736, 0.6175542885497649], 'labelPropag': [0.6783471804084533, 0.4848286311765582, 0.20577515678575203, 0.03269402718731912, 0.03805156818743318, 0.0, 0.0, 0.0], 'infoMap': [0.7941988384358348, 0.7046095684708819, 0.3566543373107959, 0.11382687923650066, 0.0, 0.0, 0.0, 0.0], 'leadingEigen': [0.6314181668459129, 0.5692002854093541, 0.49081962959853864, 0.4962396230418841, 0.4483944848171902, 0.4204975553045426, 0.39752584519959633, 0.378378901279208], 'EM': [0.7453112051072373, 0.7453112051072373, 0.7453112051072373, 0.7453112051072373, 0.7453112051072373, 0.7453112051072373, 0.7453112051072373, 0.7453112051072373], 'fastGreedy': [0.7872436302253711, 0.6962095217654639, 0.6392022961298475, 0.613219201565114, 0.553463737777004, 0.5253420426856905, 0.5155381548889796, 0.4882129767024089], 'multilevel': [0.7373364544126362, 0.680841365285772, 0.6365394120343029, 0.598199780725351, 0.5551247514783925, 0.5315072334332347, 0.47633068008055657, 0.49931220008614063], 'kmeans': [0.7430986044254414, 0.7430986044254414, 0.7430986044254414, 0.7430986044254414, 0.7430986044254414, 0.7430986044254414, 0.7430986044254414, 0.7430986044254414], 'edgeBetweeness': [0.8185867425174089, 0.7315396034461498, 0.6990201979165511, 0.5856215972373376, 0.47803987259369085, 0.3857559520278047, 0.32301945623770645, 0.32066417417698234]}, 'rand': {'walktrap': [0.9341224489795918, 0.9255510204081631, 0.9120816326530612, 0.904326530612245, 0.9013061224489796, 0.8937142857142856, 0.8888979591836736, 0.8804081632653062], 'labelPropag': [0.832408163265306, 0.6146122448979592, 0.312734693877551, 0.12253061224489784, 0.13028571428571414, 0.08163265306122436, 0.08163265306122436, 0.08163265306122436], 'infoMap': [0.908816326530612, 0.8593469387755102, 0.4785306122448979, 0.19110204081632637, 0.08163265306122436, 0.08163265306122436, 0.08163265306122436, 0.08163265306122436], 'leadingEigen': [0.828326530612245, 0.8119999999999999, 0.7644081632653059, 0.7613877551020408, 0.7246530612244897, 0.721142857142857, 0.6973877551020408, 0.6990204081632653], 'EM': [0.8976612244897961, 0.8976612244897961, 0.8976612244897961, 0.8976612244897961, 0.8976612244897961, 0.8976612244897961, 0.8976612244897961, 0.8976612244897961], 'fastGreedy': [0.9089795918367345, 0.868, 0.8311020408163265, 0.8051428571428569, 0.7776326530612245, 0.767673469387755, 0.755673469387755, 0.7178775510204081], 'multilevel': [0.8811428571428571, 0.8558367346938776, 0.833142857142857, 0.8173877551020408, 0.8027755102040818, 0.7802448979591836, 0.7433469387755102, 0.7635102040816326], 'kmeans': [0.9004897959183674, 0.9004897959183674, 0.9004897959183674, 0.9004897959183674, 0.9004897959183674, 0.9004897959183674, 0.9004897959183674, 0.9004897959183674], 'edgeBetweeness': [0.936081632653061, 0.8999183673469388, 0.8714285714285712, 0.7435102040816325, 0.6128163265306121, 0.47583673469387744, 0.4071836734693878, 0.406938775510204]}}
---------------------------------------------------------------------------------------------------
./C2F10N2Ne100A0.05R0_1.arff
nmi
{'walktrap': 2.6, 'labelPropag': 3.4, 'infoMap': 3.1, 'leadingEigen': 5.8, 'EM': 7.5, 'fastGreedy': 3.4, 'edgeBetweeness': 2.9, 'kmeans': 8.6, 'multilevel': 2.7}
rand
{'walktrap': 2.2, 'labelPropag': 4.4, 'infoMap': 4.5, 'leadingEigen': 4.8, 'EM': 7.4, 'fastGreedy': 2.8, 'edgeBetweeness': 2.7, 'kmeans': 8.6, 'multilevel': 2.6}
[3, 4, 5, 6, 7, 8, 9, 10]
{'nmi': {'walktrap': [0.32498910038274376, 0.41533443265973097, 0.5629509496951799, 0.4155605090795156, 0.32607043114433115, 0.3071084271086929, 0.3273126227160268, 0.32429846506120524], 'labelPropag': [0.3077610958606155, 0.3140910738680403, 0.33038126782293165, 0.3349784658874289, 0.3391190415501114, 0.3469932816068804, 0.34649435275652996, 0.32620387937464895], 'infoMap': [0.3114755444277095, 0.32103248174473675, 0.3284712333128851, 0.3388813801549254, 0.3447395379670444, 0.35186871059316305, 0.3498891176865259, 0.34551706546760486], 'leadingEigen': [0.19848501725605044, 0.2556037253195426, 0.25961726721985945, 0.20186403012815837, 0.2318417566928534, 0.18833243534977895, 0.13184443538427115, 0.11114283618379492], 'EM': [0.010352737186009715, 0.010352737186009715, 0.010352737186009715, 0.010352737186009715, 0.010352737186009715, 0.010352737186009715, 0.010352737186009715, 0.010352737186009715], 'fastGreedy': [0.3416165182280625, 0.22509676872463844, 0.3932729964087688, 0.39459584552977567, 0.3678803305868445, 0.2519374649927376, 0.4448753572506928, 0.35093881940480054], 'multilevel': [0.3549690967160034, 0.3512367374053824, 0.3591017337807746, 0.36493066402356533, 0.3672640303551847, 0.3799110323640945, 0.37777262210407664, 0.3511343960693173], 'kmeans': [0.004664868792122382, 0.004664868792122382, 0.004664868792122382, 0.004664868792122382, 0.004664868792122382, 0.004664868792122382, 0.004664868792122382, 0.004664868792122382], 'edgeBetweeness': [0.40886105337843776, 0.4299349123947252, 0.503582041153722, 0.37389703837253496, 0.41229168491242535, 0.36828524320058914, 0.2992698359863919, 0.30704968123180265]}, 'rand': {'walktrap': [0.6299698492462311, 0.690894472361809, 0.7807437185929649, 0.684929648241206, 0.6388040201005024, 0.6157286432160803, 0.6234422110552764, 0.6295376884422111], 'labelPropag': [0.5393065326633166, 0.547286432160804, 0.5597788944723618, 0.5695628140703517, 0.5781055276381908, 0.5837336683417085, 0.5841356783919597, 0.5934221105527638], 'infoMap': [0.5389949748743718, 0.5457286432160803, 0.5539899497487438, 0.5635276381909547, 0.5669296482412061, 0.5747537688442211, 0.5788341708542715, 0.5809497487437185], 'leadingEigen': [0.5908442211055276, 0.6277035175879396, 0.6261457286432162, 0.6068844221105526, 0.6230653266331657, 0.5985628140703517, 0.5609195979899497, 0.5514773869346733], 'EM': [0.503767336683417, 0.503767336683417, 0.503767336683417, 0.503767336683417, 0.503767336683417, 0.503767336683417, 0.503767336683417, 0.503767336683417], 'fastGreedy': [0.6859798994974874, 0.6145829145728644, 0.7043668341708542, 0.7086934673366835, 0.7003065326633167, 0.6425879396984925, 0.7413115577889446, 0.6918693467336683], 'multilevel': [0.5750201005025124, 0.5832110552763818, 0.5934472361809044, 0.5947839195979899, 0.5994572864321609, 0.6090100502512562, 0.6108492462311557, 0.6074170854271356], 'kmeans': [0.5006532663316584, 0.5006532663316584, 0.5006532663316584, 0.5006532663316584, 0.5006532663316584, 0.5006532663316584, 0.5006532663316584, 0.5006532663316584], 'edgeBetweeness': [0.6863366834170853, 0.6913216080402009, 0.7319597989949748, 0.6544472361809045, 0.6811055276381909, 0.6550502512562814, 0.6132713567839195, 0.6135075376884421]}}
---------------------------------------------------------------------------------------------------
./C2F10N2Ne100A0.15R0_1.arff
nmi
{'walktrap': 2.2, 'labelPropag': 3.9, 'infoMap': 3.4, 'leadingEigen': 6.2, 'EM': 7.6, 'fastGreedy': 3.0, 'edgeBetweeness': 2.2, 'kmeans': 8.6, 'multilevel': 3.2}
rand
{'walktrap': 2.0, 'labelPropag': 4.0, 'infoMap': 4.0, 'leadingEigen': 4.5, 'EM': 7.5, 'fastGreedy': 2.8, 'edgeBetweeness': 2.4, 'kmeans': 8.6, 'multilevel': 3.3}
[3, 4, 5, 6, 7, 8, 9, 10]
{'nmi': {'walktrap': [0.5098226895570549, 0.5033606649799123, 0.5433906325408835, 0.6077897976568192, 0.5200486249514896, 0.46922726725003683, 0.5414663471427669, 0.38729586452599396], 'labelPropag': [0.3282952392024541, 0.3426080942583626, 0.34683251210739285, 0.36252539622437374, 0.3638776734680871, 0.36927885445472064, 0.3519596148316625, 0.32369930275279124], 'infoMap': [0.33232053053785693, 0.345970473399322, 0.3601760033630046, 0.3661145679769484, 0.3693818450202769, 0.37107769298746474, 0.3701578757829396, 0.3781003448503114], 'leadingEigen': [0.20181577163165115, 0.1673299316931188, 0.1711180492393665, 0.16169422487110485, 0.13643915799837092, 0.09178938645498116, 0.1389805209442389, 0.053000938041715004], 'EM': [0.004863994681676838, 0.004863994681676838, 0.004863994681676838, 0.004863994681676838, 0.004863994681676838, 0.004863994681676838, 0.004863994681676838, 0.004863994681676838], 'fastGreedy': [0.3636983016464835, 0.3269649217865439, 0.5064343118644835, 0.48917637818905807, 0.5264664275835135, 0.3213978411798841, 0.37843868688250515, 0.34835474250541953], 'multilevel': [0.39579806894980185, 0.4001790855362707, 0.40364649992464835, 0.4114001609723831, 0.3948789562320148, 0.3924215058869628, 0.37896034761595077, 0.37775966099208363], 'kmeans': [0.003241298173675261, 0.003241298173675261, 0.003241298173675261, 0.003241298173675261, 0.003241298173675261, 0.003241298173675261, 0.003241298173675261, 0.003241298173675261], 'edgeBetweeness': [0.5321067530842631, 0.5780338413117303, 0.5283393629622374, 0.53053145722383, 0.456372316733865, 0.436518853183191, 0.48230266195830274, 0.36228209903388897]}, 'rand': {'walktrap': [0.7487085427135678, 0.7416984924623116, 0.7676834170854271, 0.8025427135678391, 0.7518241206030151, 0.7240653266331658, 0.7721005025125627, 0.6763417085427135], 'labelPropag': [0.5418140703517588, 0.5523015075376884, 0.5629748743718592, 0.5771407035175878, 0.580211055276382, 0.597753768844221, 0.5857587939698492, 0.584035175879397], 'infoMap': [0.5399396984924623, 0.5501407035175879, 0.5602663316582914, 0.5702211055276382, 0.5758643216080401, 0.5806783919597989, 0.58721608040201, 0.5925477386934673], 'leadingEigen': [0.5893316582914572, 0.5687638190954774, 0.5796934673366834, 0.572824120603015, 0.5641809045226129, 0.547788944723618, 0.5729145728643215, 0.5233115577889447], 'EM': [0.5005819095477386, 0.5005819095477386, 0.5005819095477386, 0.5005819095477386, 0.5005819095477386, 0.5005819095477386, 0.5005819095477386, 0.5005819095477386], 'fastGreedy': [0.6921206030150753, 0.6743869346733669, 0.7652713567839196, 0.7549798994974874, 0.7814120603015076, 0.6658442211055277, 0.7024070351758793, 0.6848894472361808], 'multilevel': [0.5872512562814071, 0.5930904522613065, 0.6020552763819095, 0.6101557788944724, 0.6146381909547738, 0.6108442211055276, 0.6142964824120604, 0.6117085427135678], 'kmeans': [0.4996934673366834, 0.4996934673366834, 0.4996934673366834, 0.4996934673366834, 0.4996934673366834, 0.4996934673366834, 0.4996934673366834, 0.4996934673366834], 'edgeBetweeness': [0.758361809045226, 0.7894221105527638, 0.7513517587939698, 0.7597437185929647, 0.7122964824120602, 0.7083216080402008, 0.7244472361809043, 0.6459346733668341]}}
---------------------------------------------------------------------------------------------------
./C2F10N2Ne50A0.216163808249R0_1.arff
nmi
{'walktrap': 4.3, 'labelPropag': 3.4, 'infoMap': 2.1, 'leadingEigen': 5.8, 'EM': 7.4, 'fastGreedy': 3.5, 'edgeBetweeness': 4.3, 'kmeans': 8.7, 'multilevel': 2.2}
rand
{'walktrap': 4.3, 'labelPropag': 3.1, 'infoMap': 2.4, 'leadingEigen': 4.2, 'EM': 7.6, 'fastGreedy': 2.9, 'edgeBetweeness': 3.6, 'kmeans': 8.7, 'multilevel': 2.4}
[3, 4, 5, 6, 7, 8, 9, 10]
{'nmi': {'walktrap': [0.19039788512349246, 0.2596073830569319, 0.28947272091048826, 0.17870586689467832, 0.21090026250151928, 0.1433593947536292, 0.13846897679396536, 0.11792762723475152], 'labelPropag': [0.36890585343015575, 0.3823009790685108, 0.3498405631080507, 0.34518705019051665, 0.26305059507568046, 0.30482825181290163, 0.23770859564674635, 0.18188079906190985], 'infoMap': [0.38174245541406043, 0.38587340493974887, 0.3791630270388786, 0.38917339416905883, 0.37922330298118845, 0.3572752085491055, 0.3490176486674227, 0.33294801972987015], 'leadingEigen': [0.15069053056899473, 0.17970857012777364, 0.09012653987846922, 0.08785279871231269, 0.0802068634130004, 0.06044804713544608, 0.043043913355901436, 0.027496011549786564], 'EM': [0.01650659165041849, 0.01650659165041849, 0.01650659165041849, 0.01650659165041849, 0.01650659165041849, 0.01650659165041849, 0.01650659165041849, 0.01650659165041849], 'fastGreedy': [0.2869217554113254, 0.23460235853895126, 0.4020766248848237, 0.21519807423342777, 0.13699281443447814, 0.25090516992921835, 0.20661637309466316, 0.0968521807449532], 'multilevel': [0.38731863103729597, 0.4105599444374707, 0.39282727124842365, 0.3832846128878412, 0.36250331464781776, 0.3508562487449535, 0.3358947977518095, 0.341610847121722], 'kmeans': [0.0032359933375101816, 0.0032359933375101816, 0.0032359933375101816, 0.0032359933375101816, 0.0032359933375101816, 0.0032359933375101816, 0.0032359933375101816, 0.0032359933375101816], 'edgeBetweeness': [0.2822553918862373, 0.2967243190616585, 0.26779766326293675, 0.19830314141011582, 0.23124130919217883, 0.1798387175467305, 0.17787066721579178, 0.14843033316338056]}, 'rand': {'walktrap': [0.5518434343434344, 0.5971717171717171, 0.6168888888888888, 0.5576161616161615, 0.5737575757575757, 0.5333939393939394, 0.5374747474747474, 0.5296363636363637], 'labelPropag': [0.574520202020202, 0.589050505050505, 0.5826464646464645, 0.5986464646464646, 0.5703636363636362, 0.5933535353535353, 0.5674949494949495, 0.5576565656565656], 'infoMap': [0.5701515151515151, 0.5824848484848484, 0.5915353535353535, 0.6053131313131312, 0.6079393939393939, 0.6031919191919192, 0.6045050505050504, 0.5992727272727272], 'leadingEigen': [0.5737121212121212, 0.5896767676767677, 0.5421818181818182, 0.5392525252525252, 0.5388282828282829, 0.5301616161616161, 0.5226262626262625, 0.5133333333333332], 'EM': [0.5026323232323232, 0.5026323232323232, 0.5026323232323232, 0.5026323232323232, 0.5026323232323232, 0.5026323232323232, 0.5026323232323232, 0.5026323232323232], 'fastGreedy': [0.6548484848484847, 0.6217575757575757, 0.717090909090909, 0.6141010101010099, 0.5728888888888888, 0.6269090909090909, 0.6072121212121211, 0.5543838383838384], 'multilevel': [0.5988383838383837, 0.6153939393939394, 0.618868686868687, 0.6234949494949494, 0.6174343434343434, 0.613010101010101, 0.6055757575757575, 0.6164848484848484], 'kmeans': [0.4971717171717172, 0.4971717171717172, 0.4971717171717172, 0.4971717171717172, 0.4971717171717172, 0.4971717171717172, 0.4971717171717172, 0.4971717171717172], 'edgeBetweeness': [0.5975252525252525, 0.6106060606060606, 0.587111111111111, 0.5613333333333332, 0.570020202020202, 0.5533333333333333, 0.5569898989898989, 0.539030303030303]}}
---------------------------------------------------------------------------------------------------
./C2F10N2Ne5A0.05R0_1.arff
nmi
{'walktrap': 2.4, 'labelPropag': 5.2, 'infoMap': 6.9, 'leadingEigen': 4.1, 'EM': 2.9, 'fastGreedy': 3.5, 'edgeBetweeness': 3.9, 'kmeans': 4.0, 'multilevel': 3.7}
rand
{'walktrap': 2.9, 'labelPropag': 5.6, 'infoMap': 7.0, 'leadingEigen': 3.2, 'EM': 4.5, 'fastGreedy': 2.2, 'edgeBetweeness': 3.1, 'kmeans': 5.5, 'multilevel': 2.5}
[2, 3, 4, 5, 6, 7, 8, 9]
{'nmi': {'walktrap': [0.12492900450498592, 0.12749156775577716, 0.11520039398617495, 0.08378093033158943, 0.11355115466139476, 0.1794905687506393, 0.14708219223672467, -9.751923298821972e-17], 'labelPropag': [0.13494608113412165, 0.07998306725962855, 0.0618977004017456, 0.0, 0.0, 0.0, 0.0, 0.0], 'infoMap': [0.028930656773055896, 0.0, 0.0, 0.0, 0.0, 0.0, 0.0, 0.0], 'leadingEigen': [0.15520124991492354, 0.0938853278643211, 0.08959848140553658, 0.05634843854788561, 0.10293278338914913, 0.0, 0.0, 0.0], 'EM': [0.14770521375507595, 0.14770521375507595, 0.14770521375507595, 0.14770521375507595, 0.14770521375507595, 0.14770521375507595, 0.14770521375507595, 0.14770521375507595], 'fastGreedy': [0.14373376687100592, 0.1632302286846784, 0.08277372315489799, 0.0617912908942728, 0.08786069716679071, 0.09206643665656883, 0.14708219223672467, 0.14708219223672467], 'multilevel': [0.20661084377678715, 0.14382668509288987, 0.08959848140553658, 0.08669354085100346, 0.13686506952714386, 0.005809881109066246, 0.0, 0.0], 'kmeans': [0.13219585437591838, 0.13219585437591838, 0.13219585437591838, 0.13219585437591838, 0.13219585437591838, 0.13219585437591838, 0.13219585437591838, 0.13219585437591838], 'edgeBetweeness': [0.16538761068310084, 0.13490170397105977, 0.15420215660798078, 0.1323739730130522, 0.14708219223672467, 0.14708219223672467, 0.14708219223672467, 0.14708219223672467]}, 'rand': {'walktrap': [0.5111111111111113, 0.5133333333333334, 0.5155555555555557, 0.48444444444444457, 0.49111111111111116, 0.5, 0.4666666666666668, 0.44444444444444453], 'labelPropag': [0.508888888888889, 0.4911111111111112, 0.4800000000000001, 0.44444444444444453, 0.44444444444444453, 0.44444444444444453, 0.44444444444444453, 0.44444444444444453], 'infoMap': [0.46444444444444455, 0.44444444444444453, 0.44444444444444453, 0.44444444444444453, 0.44444444444444453, 0.44444444444444453, 0.44444444444444453, 0.44444444444444453], 'leadingEigen': [0.5466666666666667, 0.5111111111111113, 0.5088888888888892, 0.48444444444444457, 0.5066666666666668, 0.44444444444444453, 0.44444444444444453, 0.44444444444444453], 'EM': [0.5035555555555555, 0.5035555555555555, 0.5035555555555555, 0.5035555555555555, 0.5035555555555555, 0.5035555555555555, 0.5035555555555555, 0.5035555555555555], 'fastGreedy': [0.5377777777777778, 0.5422222222222224, 0.5044444444444446, 0.4888888888888891, 0.5066666666666668, 0.4666666666666668, 0.4666666666666668, 0.4666666666666668], 'multilevel': [0.5488888888888889, 0.5288888888888892, 0.5088888888888892, 0.5066666666666668, 0.5422222222222224, 0.448888888888889, 0.44444444444444453, 0.44444444444444453], 'kmeans': [0.5000000000000001, 0.5000000000000001, 0.5000000000000001, 0.5000000000000001, 0.5000000000000001, 0.5000000000000001, 0.5000000000000001, 0.5000000000000001], 'edgeBetweeness': [0.5422222222222224, 0.517777777777778, 0.5000000000000001, 0.46444444444444455, 0.4666666666666668, 0.4666666666666668, 0.4666666666666668, 0.4666666666666668]}}
---------------------------------------------------------------------------------------------------
./C2F10N2Ne5A0.15R0_1.arff
nmi
{'walktrap': 2.3, 'labelPropag': 4.2, 'infoMap': 5.5, 'leadingEigen': 3.7, 'EM': 5.0, 'fastGreedy': 3.7, 'edgeBetweeness': 3.6, 'kmeans': 4.0, 'multilevel': 4.1}
rand
{'walktrap': 2.0, 'labelPropag': 4.3, 'infoMap': 5.5, 'leadingEigen': 2.9, 'EM': 6.5, 'fastGreedy': 3.0, 'edgeBetweeness': 3.1, 'kmeans': 5.5, 'multilevel': 3.5}
[2, 3, 4, 5, 6, 7, 8, 9]
{'nmi': {'walktrap': [0.3096825822479098, 0.11128057629006945, 0.21294667641333104, 0.14430143821688146, 0.13385243192803695, 0.08239117476348348, 0.14708219223672467, -9.751923298821972e-17], 'labelPropag': [0.21177471597218558, 0.02780719051126378, 0.0, 0.0, 0.0, 0.0, 0.0, 0.0], 'infoMap': [0.08542591960601575, 0.0, 0.0, 0.0, 0.0, 0.0, 0.0, 0.0], 'leadingEigen': [0.24140732939122236, 0.17733087080851084, 0.11976917359991295, 0.06179129089427281, 0.056099294057971004, 0.0, 0.0, 0.0], 'EM': [0.17543309367344304, 0.17543309367344304, 0.17543309367344304, 0.17543309367344304, 0.17543309367344304, 0.17543309367344304, 0.17543309367344304, 0.17543309367344304], 'fastGreedy': [0.21467204790768507, 0.13922857121025642, 0.1549665326436342, 0.08706056961368254, 0.04814177439299562, 0.09381879123802632, 0.14708219223672467, 0.14708219223672467], 'multilevel': [0.24468285499417544, 0.16495216950585911, 0.20600309971264172, 0.14605332946089505, 0.11592330108334847, 0.0, 0.0, 0.0], 'kmeans': [0.18438523215503583, 0.18438523215503583, 0.18438523215503583, 0.18438523215503583, 0.18438523215503583, 0.18438523215503583, 0.18438523215503583, 0.18438523215503583], 'edgeBetweeness': [0.2529880088080429, 0.1430781391541658, 0.14917801240828482, 0.14500861237275706, 0.14708219223672467, 0.14708219223672467, 0.14708219223672467, 0.14708219223672467]}, 'rand': {'walktrap': [0.6088888888888889, 0.5133333333333334, 0.5577777777777779, 0.5155555555555555, 0.5066666666666668, 0.47111111111111115, 0.4666666666666668, 0.44444444444444453], 'labelPropag': [0.5644444444444445, 0.46444444444444455, 0.44444444444444453, 0.44444444444444453, 0.44444444444444453, 0.44444444444444453, 0.44444444444444453, 0.44444444444444453], 'infoMap': [0.49555555555555564, 0.44444444444444453, 0.44444444444444453, 0.44444444444444453, 0.44444444444444453, 0.44444444444444453, 0.44444444444444453, 0.44444444444444453], 'leadingEigen': [0.5911111111111113, 0.5555555555555557, 0.5222222222222224, 0.48888888888888904, 0.4733333333333335, 0.44444444444444453, 0.44444444444444453, 0.44444444444444453], 'EM': [0.5266666666666667, 0.5266666666666667, 0.5266666666666667, 0.5266666666666667, 0.5266666666666667, 0.5266666666666667, 0.5266666666666667, 0.5266666666666667], 'fastGreedy': [0.568888888888889, 0.5355555555555558, 0.5400000000000001, 0.5066666666666669, 0.48000000000000015, 0.47333333333333344, 0.4666666666666668, 0.4666666666666668], 'multilevel': [0.5755555555555556, 0.5466666666666669, 0.568888888888889, 0.5400000000000003, 0.517777777777778, 0.44444444444444453, 0.44444444444444453, 0.44444444444444453], 'kmeans': [0.5288888888888891, 0.5288888888888891, 0.5288888888888891, 0.5288888888888891, 0.5288888888888891, 0.5288888888888891, 0.5288888888888891, 0.5288888888888891], 'edgeBetweeness': [0.5777777777777778, 0.5022222222222223, 0.48444444444444457, 0.47333333333333344, 0.4666666666666668, 0.4666666666666668, 0.4666666666666668, 0.4666666666666668]}}
---------------------------------------------------------------------------------------------------
./C2F10N2Ne5A0.1R0_1.arff
nmi
{'walktrap': 3.4, 'labelPropag': 5.4, 'infoMap': 6.7, 'leadingEigen': 5.0, 'EM': 3.2, 'fastGreedy': 3.9, 'edgeBetweeness': 4.6, 'kmeans': 4.2, 'multilevel': 4.0}
rand
{'walktrap': 3.0, 'labelPropag': 5.6, 'infoMap': 6.7, 'leadingEigen': 3.9, 'EM': 4.8, 'fastGreedy': 2.9, 'edgeBetweeness': 3.8, 'kmeans': 5.8, 'multilevel': 2.6}
[2, 3, 4, 5, 6, 7, 8, 9]
{'nmi': {'walktrap': [0.23465014748040738, 0.144768931908761, 0.11233142934861007, 0.06524252661213795, 0.14299566448220394, 0.10985489968464454, 0.14708219223672467, -9.751923298821972e-17], 'labelPropag': [0.10451367308749182, 0.01633970746734615, 0.0, 0.0, 0.0, 0.0, 0.0, 0.0], 'infoMap': [0.03477420701537833, 0.0, 0.0, 0.0, 0.0, 0.0, 0.0, 0.0], 'leadingEigen': [0.15440112236181536, 0.09679026841885426, 0.098313303069136, 0.04952368029724703, 0.04741886729582206, 0.0, 0.0, 0.0], 'EM': [0.17059318597507767, 0.17059318597507767, 0.17059318597507767, 0.17059318597507767, 0.17059318597507767, 0.17059318597507767, 0.17059318597507767, 0.17059318597507767], 'fastGreedy': [0.20530937786519238, 0.16493094872009528, 0.0810359389161521, 0.0434990495997166, 0.05032380785035519, 0.08804014326641742, 0.14708219223672467, 0.14708219223672467], 'multilevel': [0.24017249746973462, 0.15518563880061, 0.13078728168145087, 0.04371379918818074, 0.021134711434840015, 0.0, 0.0, 0.0], 'kmeans': [0.16142092670840183, 0.16142092670840183, 0.16142092670840183, 0.16142092670840183, 0.16142092670840183, 0.16142092670840183, 0.16142092670840183, 0.16142092670840183], 'edgeBetweeness': [0.1639266160321924, 0.11217932987336894, 0.1460817057388902, 0.14708219223672467, 0.14708219223672467, 0.14708219223672467, 0.14708219223672467, 0.14708219223672467]}, 'rand': {'walktrap': [0.5622222222222224, 0.5266666666666667, 0.49333333333333346, 0.468888888888889, 0.5022222222222222, 0.4800000000000001, 0.4666666666666668, 0.44444444444444453], 'labelPropag': [0.49333333333333346, 0.4555555555555556, 0.44444444444444453, 0.44444444444444453, 0.44444444444444453, 0.44444444444444453, 0.44444444444444453, 0.44444444444444453], 'infoMap': [0.46222222222222226, 0.44444444444444453, 0.44444444444444453, 0.44444444444444453, 0.44444444444444453, 0.44444444444444453, 0.44444444444444453, 0.44444444444444453], 'leadingEigen': [0.5466666666666667, 0.5133333333333334, 0.5155555555555557, 0.48000000000000015, 0.47777777777777786, 0.44444444444444453, 0.44444444444444453, 0.44444444444444453], 'EM': [0.508, 0.508, 0.508, 0.508, 0.508, 0.508, 0.508, 0.508], 'fastGreedy': [0.5622222222222224, 0.5533333333333335, 0.5022222222222223, 0.4755555555555556, 0.4800000000000001, 0.47777777777777797, 0.4666666666666668, 0.4666666666666668], 'multilevel': [0.5666666666666668, 0.5311111111111113, 0.5244444444444445, 0.47555555555555584, 0.46000000000000013, 0.44444444444444453, 0.44444444444444453, 0.44444444444444453], 'kmeans': [0.5000000000000001, 0.5000000000000001, 0.5000000000000001, 0.5000000000000001, 0.5000000000000001, 0.5000000000000001, 0.5000000000000001, 0.5000000000000001], 'edgeBetweeness': [0.5311111111111113, 0.4866666666666667, 0.47777777777777786, 0.4666666666666668, 0.4666666666666668, 0.4666666666666668, 0.4666666666666668, 0.4666666666666668]}}
---------------------------------------------------------------------------------------------------
./C2F50N2Ne100A0.0600227468339R0_1.arff
nmi
{'walktrap': 1.2, 'labelPropag': 5.8, 'infoMap': 6.8, 'leadingEigen': 1.4, 'EM': 8.0, 'fastGreedy': 1.3, 'edgeBetweeness': 1.4, 'kmeans': 9.0, 'multilevel': 5.2}
rand
{'walktrap': 1.2, 'labelPropag': 5.5, 'infoMap': 6.9, 'leadingEigen': 1.4, 'EM': 8.0, 'fastGreedy': 1.3, 'edgeBetweeness': 1.4, 'kmeans': 9.0, 'multilevel': 5.4}
[3, 4, 5, 6, 7, 8, 9, 10]
{'nmi': {'walktrap': [0.9645595216926075, 0.9757395434193311, 0.9767388846650448, 0.991913181139777, 0.9629402497504511, 0.9797829528494425, 0.9757395434193311, 0.9848257035252678], 'labelPropag': [0.3605424418462711, 0.3731723657727525, 0.4115082679951786, 0.43305616916993694, 0.45132953491440453, 0.4651082359723818, 0.5436980544435323, 0.5733481859010685], 'infoMap': [0.3577622670630528, 0.3732241624289213, 0.3978120065448284, 0.41467214706298955, 0.434950366365596, 0.4511604959010807, 0.47594718217328486, 0.4843199807130093], 'leadingEigen': [0.5514609313189298, 0.7116818391858001, 0.9528316737265108, 0.9656079976204239, 0.9838263622795541, 0.9807822940951564, 0.9781145462251833, 0.9767388846650448], 'EM': [0.006630919752129608, 0.006630919752129608, 0.006630919752129608, 0.006630919752129608, 0.006630919752129608, 0.006630919752129608, 0.006630919752129608, 0.006630919752129608], 'fastGreedy': [0.8903997651750227, 0.7939004625195738, 0.9878697717096656, 0.9351730624749279, 0.9767388846650448, 0.9020002124137196, 0.9350632851752898, 0.9838263622795541], 'multilevel': [0.44195363005928173, 0.4662793234736583, 0.47555839867943295, 0.4972340505813439, 0.5215122152986056, 0.5440265164794578, 0.5578506728794668, 0.5495829622325239], 'kmeans': [0.0018976793551054565, 0.0018976793551054565, 0.0018976793551054565, 0.0018976793551054565, 0.0018976793551054565, 0.0018976793551054565, 0.0018976793551054565, 0.0018976793551054565], 'edgeBetweeness': [0.9767388846650448, 0.9807822940951564, 0.9848257035252678, 0.9888691129553792, 0.9848257035252679, 0.9878697717096656, 0.98178163534087, 0.9878697717096656]}, 'rand': {'walktrap': [0.9900703517587939, 0.994, 0.9940100502512562, 0.998, 0.9900402010050252, 0.9949999999999999, 0.994, 0.9960100502512563], 'labelPropag': [0.5504924623115578, 0.5583718592964824, 0.5808743718592965, 0.5957286432160804, 0.6106884422110552, 0.6181658291457286, 0.688075376884422, 0.7141909547738694], 'infoMap': [0.5444371859296482, 0.5525276381909547, 0.5651306532663316, 0.5772914572864322, 0.5901658291457286, 0.6004924623115577, 0.6161306532663315, 0.6232110552763819], 'leadingEigen': [0.7537839195979898, 0.8556030150753768, 0.9870904522613065, 0.9910201005025125, 0.9959999999999999, 0.9950100502512564, 0.9940301507537688, 0.9940100502512564], 'EM': [0.5018849246231156, 0.5018849246231156, 0.5018849246231156, 0.5018849246231156, 0.5018849246231156, 0.5018849246231156, 0.5018849246231156, 0.5018849246231156], 'fastGreedy': [0.9517738693467337, 0.9030502512562814, 0.9970000000000001, 0.9708291457286432, 0.9940100502512562, 0.9552562814070352, 0.9706733668341709, 0.9960000000000001], 'multilevel': [0.5950100502512562, 0.6113115577889447, 0.6196080402010049, 0.6327638190954774, 0.6516633165829144, 0.6664371859296482, 0.6768341708542713, 0.6684623115577889], 'kmeans': [0.49876884422110557, 0.49876884422110557, 0.49876884422110557, 0.49876884422110557, 0.49876884422110557, 0.49876884422110557, 0.49876884422110557, 0.49876884422110557], 'edgeBetweeness': [0.9940100502512564, 0.9950100502512564, 0.9960100502512563, 0.9970100502512563, 0.9960100502512563, 0.9970000000000001, 0.9950201005025127, 0.9970000000000001]}}
---------------------------------------------------------------------------------------------------
./C2F50N2Ne100A0.120045493668R0_1.arff
nmi
{'walktrap': 1.1, 'labelPropag': 5.8, 'infoMap': 6.7, 'leadingEigen': 1.9, 'EM': 7.9, 'fastGreedy': 1.3, 'edgeBetweeness': 1.2, 'kmeans': 9.0, 'multilevel': 5.2}
rand
{'walktrap': 1.1, 'labelPropag': 5.5, 'infoMap': 6.7, 'leadingEigen': 1.9, 'EM': 7.8, 'fastGreedy': 1.3, 'edgeBetweeness': 1.2, 'kmeans': 8.9, 'multilevel': 5.6}
[3, 4, 5, 6, 7, 8, 9, 10]
{'nmi': {'walktrap': [0.8782960040090149, 0.9659351832527463, 0.9715978646250143, 0.9777382259107587, 0.9720264098563878, 0.991913181139777, 0.9756904087372285, 0.9797829528494425], 'labelPropag': [0.35727008488867035, 0.38411987205255543, 0.40036401503301666, 0.4415058417980074, 0.4426480625400693, 0.4857617727813574, 0.5474530636762547, 0.530408637123845], 'infoMap': [0.35411142087569736, 0.3796762490544204, 0.399840436455198, 0.4178894598283809, 0.4337426151550191, 0.45823497866260743, 0.471701821144692, 0.48748780449336204], 'leadingEigen': [0.4848592898688365, 0.6820835829344961, 0.9041618752738991, 0.9103568726212409, 0.8916439151073771, 0.9346174903469638, 0.9407266471697241, 0.9615909120959344], 'EM': [0.017117815442503043, 0.017117815442503043, 0.017117815442503043, 0.017117815442503043, 0.017117815442503043, 0.017117815442503043, 0.017117815442503043, 0.017117815442503043], 'fastGreedy': [0.9677348912752801, 0.8939125909091272, 0.9821579556552947, 0.948072144796169, 0.9128090681023806, 0.9403014239187542, 0.9030477978306234, 0.9234963488328521], 'multilevel': [0.4421129429236492, 0.4573041458027648, 0.48949958004169797, 0.5112269775583387, 0.512101682089943, 0.5193712010806346, 0.5576730319715199, 0.5467920067269083], 'kmeans': [0.006322285977431378, 0.006322285977431378, 0.006322285977431378, 0.006322285977431378, 0.006322285977431378, 0.006322285977431378, 0.006322285977431378, 0.006322285977431378], 'edgeBetweeness': [0.9740220021129691, 0.9756904087372285, 0.9764461396009242, 0.9878697717096656, 0.9838263622795541, 0.9807822940951564, 0.9756904087372285, 0.9797829528494425]}, 'rand': {'walktrap': [0.9420552763819096, 0.9900904522613067, 0.9911206030150754, 0.9940201005025125, 0.9920502512562814, 0.998, 0.9930603015075377, 0.9949999999999999], 'labelPropag': [0.5471708542713568, 0.563145728643216, 0.5724924623115577, 0.6060552763819096, 0.6015025125628141, 0.6468944723618091, 0.6954824120603015, 0.6765427135678391], 'infoMap': [0.5421306532663316, 0.5565175879396984, 0.5671708542713568, 0.5800452261306531, 0.5882663316582913, 0.6043165829145728, 0.6140854271356784, 0.6283618090452261], 'leadingEigen': [0.733467336683417, 0.8453969849246231, 0.9581306532663316, 0.962246231155779, 0.9561356783919598, 0.9760150753768844, 0.9804422110552764, 0.9881809045226131], 'EM': [0.5094349246231156, 0.5094349246231156, 0.5094349246231156, 0.5094349246231156, 0.5094349246231156, 0.5094349246231156, 0.5094349246231156, 0.5094349246231156], 'fastGreedy': [0.9901306532663317, 0.9481658291457287, 0.9950301507537688, 0.9760150753768844, 0.9581256281407035, 0.9753316582914573, 0.9559949748743719, 0.9691608040201005], 'multilevel': [0.5937286432160803, 0.6033618090452261, 0.6275929648241206, 0.6422713567839194, 0.642326633165829, 0.6469497487437186, 0.6753065326633165, 0.6660603015075377], 'kmeans': [0.5017286432160802, 0.5017286432160802, 0.5017286432160802, 0.5017286432160802, 0.5017286432160802, 0.5017286432160802, 0.5017286432160802, 0.5017286432160802], 'edgeBetweeness': [0.9920904522613065, 0.9930603015075377, 0.9930603015075377, 0.9969999999999999, 0.9959999999999999, 0.9950100502512562, 0.9930603015075377, 0.9949999999999999]}}
---------------------------------------------------------------------------------------------------
./C2F50N2Ne100A0.180068240502R0_1.arff
nmi
{'walktrap': 1.1, 'labelPropag': 5.8, 'infoMap': 6.6, 'leadingEigen': 1.4, 'EM': 7.9, 'fastGreedy': 1.4, 'edgeBetweeness': 1.0, 'kmeans': 9.0, 'multilevel': 5.3}
rand
{'walktrap': 1.1, 'labelPropag': 5.5, 'infoMap': 6.7, 'leadingEigen': 1.4, 'EM': 7.9, 'fastGreedy': 1.4, 'edgeBetweeness': 1.0, 'kmeans': 9.0, 'multilevel': 5.5}
[3, 4, 5, 6, 7, 8, 9, 10, 11]
{'nmi': {'walktrap': [0.9571711823513983, 0.9459327663602414, 0.9295975146060187, 0.9566040042306595, 0.9470530735678041, 0.9848257035252675, 0.9734073917692598, 0.9919131811397769, 0.9617708078607856], 'labelPropag': [0.3570298405585169, 0.38181803995837826, 0.4001660433754986, 0.43186169355911835, 0.42989609115893507, 0.48003121189905346, 0.5373451865098088, 0.5637867437038993, 0.5239685648410367], 'infoMap': [0.35854184324750704, 0.37672607921321033, 0.39299471829094174, 0.41316520533003687, 0.42655415979400424, 0.4536114454719599, 0.4595725887731998, 0.4787000084789147, 0.5056828311294309], 'leadingEigen': [0.3559492851701703, 0.518145823312159, 0.7351777768052092, 0.7496045641197011, 0.8888125035454207, 0.9171988997589244, 0.947551339818274, 0.9683020693960189, 0.979113887470897], 'EM': [0.042071523185775735, 0.042071523185775735, 0.042071523185775735, 0.042071523185775735, 0.042071523185775735, 0.042071523185775735, 0.042071523185775735, 0.042071523185775735, 0.042071523185775735], 'fastGreedy': [0.8613203016095643, 0.9450364608572578, 0.8372407277022408, 0.9655588629383214, 0.9781145462251832, 0.9431468629096823, 0.9617708078607858, 0.975389547010528, 0.9878697717096656], 'multilevel': [0.43770282375732467, 0.4547175276108212, 0.47134819584043763, 0.4935179846191443, 0.5065668477057245, 0.5256186620084854, 0.5243519077701229, 0.5500541341960616, 0.5672031818209049], 'kmeans': [0.0018379269916905302, 0.0018379269916905302, 0.0018379269916905302, 0.0018379269916905302, 0.0018379269916905302, 0.0018379269916905302, 0.0018379269916905302, 0.0018379269916905302, 0.0018379269916905302], 'edgeBetweeness': [0.9581839606124248, 0.9777382259107584, 0.9888691129553792, 0.9653152525563033, 0.9807822940951564, 0.97973381816734, 0.9693541632174366, 0.9737211403862689, 0.9676955757148891]}, 'rand': {'walktrap': [0.9871708542713569, 0.981502512562814, 0.9756733668341709, 0.987140703517588, 0.9832914572864322, 0.9960100502512563, 0.9912110552763819, 0.998, 0.9873115577889446], 'labelPropag': [0.548040201005025, 0.562964824120603, 0.5727587939698492, 0.5955829145728642, 0.5993316582914573, 0.6506532663316582, 0.6948492462311558, 0.7139849246231156, 0.6816130653266331], 'infoMap': [0.5448492462311558, 0.5549999999999999, 0.5651055276381911, 0.5761155778894472, 0.5871457286432161, 0.6008693467336683, 0.6049045226130653, 0.6203165829145728, 0.6496582914572863], 'leadingEigen': [0.6502512562814071, 0.7465778894472361, 0.8652663316582914, 0.8737286432160805, 0.9479648241206029, 0.9611658291457286, 0.9807236180904522, 0.9901608040201006, 0.9940402010050253], 'EM': [0.5151894472361809, 0.5151894472361809, 0.5151894472361809, 0.5151894472361809, 0.5151894472361809, 0.5151894472361809, 0.5151894472361809, 0.5151894472361809, 0.5151894472361809], 'fastGreedy': [0.931859296482412, 0.9808040201005024, 0.9199145728643214, 0.9900804020100502, 0.9940301507537688, 0.9745276381909548, 0.9873115577889446, 0.9921507537688443, 0.9970000000000001], 'multilevel': [0.5927035175879397, 0.6054321608040201, 0.6171708542713569, 0.6329045226130653, 0.6438592964824119, 0.6568693467336683, 0.65564824120603, 0.6748442211055277, 0.6846934673366833], 'kmeans': [0.498748743718593, 0.498748743718593, 0.498748743718593, 0.498748743718593, 0.498748743718593, 0.498748743718593, 0.498748743718593, 0.498748743718593, 0.498748743718593], 'edgeBetweeness': [0.9862814070351759, 0.9940201005025125, 0.9970100502512563, 0.9900703517587939, 0.9950100502512564, 0.9940603015075377, 0.9901608040201004, 0.991180904522613, 0.9892412060301506]}}
---------------------------------------------------------------------------------------------------
./C2F50N2Ne50A0.0600227468339R0_1.arff
nmi
{'walktrap': 1.3, 'labelPropag': 6.0, 'infoMap': 3.9, 'leadingEigen': 3.9, 'EM': 7.9, 'fastGreedy': 2.5, 'edgeBetweeness': 1.5, 'kmeans': 8.9, 'multilevel': 4.6}
rand
{'walktrap': 1.3, 'labelPropag': 5.4, 'infoMap': 4.2, 'leadingEigen': 3.9, 'EM': 8.8, 'fastGreedy': 2.2, 'edgeBetweeness': 1.5, 'kmeans': 7.8, 'multilevel': 5.0}
[3, 4, 5, 6, 7, 8, 9, 10]
{'nmi': {'walktrap': [0.7328492019955265, 0.8020129953046403, 0.8627158101562671, 0.9190496996044499, 0.86569205227879, 0.9193668816713554, 0.9162396875951723, 0.8456436826710474], 'labelPropag': [0.4050699667407815, 0.4393763564958757, 0.4489169131787448, 0.482157460383947, 0.45310848998497877, 0.41410636891349195, 0.409823684977703, 0.31153358878848375], 'infoMap': [0.4112595530291232, 0.43365158594083786, 0.46973256302853067, 0.49481200547025245, 0.5215924475378737, 0.5348139321304206, 0.5616332454275387, 0.5989287581503415], 'leadingEigen': [0.46821693895990607, 0.6715351509942671, 0.6871854350676423, 0.6998443387071784, 0.6476769027190391, 0.648333933381519, 0.6132973450312731, 0.5083439792868462], 'EM': [0.013191322106812332, 0.013191322106812332, 0.013191322106812332, 0.013191322106812332, 0.013191322106812332, 0.013191322106812332, 0.013191322106812332, 0.013191322106812332], 'fastGreedy': [0.7544745179839991, 0.819088502673306, 0.8316329829442525, 0.8262021819427975, 0.8177898000402806, 0.7480578058060142, 0.8247489478308421, 0.7642996212152526], 'multilevel': [0.46566722575268155, 0.4914415478915265, 0.5129872036578748, 0.5353837232368017, 0.5623111806300722, 0.5512994947224036, 0.558092141234653, 0.5431737068410881], 'kmeans': [0.012314911960482533, 0.012314911960482533, 0.012314911960482533, 0.012314911960482533, 0.012314911960482533, 0.012314911960482533, 0.012314911960482533, 0.012314911960482533], 'edgeBetweeness': [0.8862381666789597, 0.9077456216810316, 0.8451640491317394, 0.8531411753477389, 0.7427367506554768, 0.4905154939154631, 0.5172277825029041, 0.42277149954699594]}, 'rand': {'walktrap': [0.8700404040404042, 0.9103030303030304, 0.9418787878787878, 0.9725656565656567, 0.9483838383838382, 0.9743232323232324, 0.9723636363636363, 0.9401616161616161], 'labelPropag': [0.580060606060606, 0.6190303030303029, 0.6242020202020202, 0.6523232323232323, 0.6750505050505049, 0.646141414141414, 0.6346868686868685, 0.6135151515151515], 'infoMap': [0.5763232323232322, 0.5923030303030302, 0.618060606060606, 0.6408888888888888, 0.6659595959595958, 0.6809292929292929, 0.7078989898989898, 0.7528888888888889], 'leadingEigen': [0.7446464646464646, 0.8577575757575758, 0.8645656565656565, 0.8770505050505051, 0.8442222222222222, 0.8442424242424241, 0.8261616161616161, 0.7737171717171717], 'EM': [0.5027272727272728, 0.5027272727272728, 0.5027272727272728, 0.5027272727272728, 0.5027272727272728, 0.5027272727272728, 0.5027272727272728, 0.5027272727272728], 'fastGreedy': [0.8844646464646464, 0.91989898989899, 0.9303838383838384, 0.9315757575757575, 0.9214545454545455, 0.8896767676767675, 0.9283030303030303, 0.8935555555555557], 'multilevel': [0.6172121212121211, 0.6380404040404039, 0.6531919191919192, 0.671111111111111, 0.6834949494949495, 0.684020202020202, 0.6859999999999999, 0.6913535353535352], 'kmeans': [0.5027878787878788, 0.5027878787878788, 0.5027878787878788, 0.5027878787878788, 0.5027878787878788, 0.5027878787878788, 0.5027878787878788, 0.5027878787878788], 'edgeBetweeness': [0.9572929292929293, 0.9668484848484848, 0.9301212121212121, 0.9378585858585857, 0.8686060606060606, 0.7145858585858585, 0.7338989898989898, 0.6773131313131314]}}
---------------------------------------------------------------------------------------------------
./C2F50N2Ne50A0.120045493668R0_1.arff
nmi
{'walktrap': 1.5, 'labelPropag': 5.8, 'infoMap': 4.2, 'leadingEigen': 3.2, 'EM': 7.9, 'fastGreedy': 1.8, 'edgeBetweeness': 1.6, 'kmeans': 8.9, 'multilevel': 4.8}
rand
{'walktrap': 1.5, 'labelPropag': 5.8, 'infoMap': 4.3, 'leadingEigen': 2.6, 'EM': 7.9, 'fastGreedy': 1.8, 'edgeBetweeness': 1.7, 'kmeans': 8.9, 'multilevel': 5.2}
[3, 4, 5, 6, 7, 8, 9, 10]
{'nmi': {'walktrap': [0.8184337833274964, 0.8917403197183592, 0.8036671233256516, 0.7965796457111425, 0.942947092440277, 0.9449426846968583, 0.9461710563895259, 0.925675844109912], 'labelPropag': [0.4072375072087868, 0.4704755442907806, 0.49014273634990657, 0.45093845407109984, 0.4844110633889024, 0.47974012367676444, 0.38763223043695044, 0.35860990228817613], 'infoMap': [0.41028293029347096, 0.4603603056553241, 0.4899392597190081, 0.500112059957758, 0.5394686540928608, 0.5638228177745365, 0.5785670637680038, 0.6393333254746169], 'leadingEigen': [0.5248459076010514, 0.4059501965134208, 0.7051676675440062, 0.7919569803905835, 0.7824909445821018, 0.7637708999652887, 0.7033621605158749, 0.6424521837309938], 'EM': [0.015114303105794816, 0.015114303105794816, 0.015114303105794816, 0.015114303105794816, 0.015114303105794816, 0.015114303105794816, 0.015114303105794816, 0.015114303105794816], 'fastGreedy': [0.8004505863672183, 0.8274132153877243, 0.9481345193172197, 0.9480698787730413, 0.8499232518184151, 0.9091890639988343, 0.9210000507764949, 0.8870279342796235], 'multilevel': [0.47081084160036873, 0.5243543871765259, 0.531757974897834, 0.5451899168613413, 0.5699002893769952, 0.5711558083658884, 0.588347470888187, 0.5846583403888396], 'kmeans': [0.006221963850423312, 0.006221963850423312, 0.006221963850423312, 0.006221963850423312, 0.006221963850423312, 0.006221963850423312, 0.006221963850423312, 0.006221963850423312], 'edgeBetweeness': [0.8849093255904259, 0.7946853499902031, 0.8857731493114127, 0.743617030075771, 0.8515219050010188, 0.7359375018532817, 0.70164655401648, 0.43992204379845967]}, 'rand': {'walktrap': [0.9166778900112232, 0.943030303030303, 0.8953131313131312, 0.8933131313131313, 0.9821616161616162, 0.9822020202020202, 0.9822828282828283, 0.9762424242424241], 'labelPropag': [0.5850056116722783, 0.6292121212121213, 0.6502020202020202, 0.637050505050505, 0.6570505050505051, 0.6895151515151514, 0.6339999999999998, 0.643010101010101], 'infoMap': [0.5754433221099888, 0.6046262626262626, 0.6293333333333333, 0.6392727272727272, 0.6679999999999999, 0.7017575757575758, 0.7153737373737373, 0.7742828282828282], 'leadingEigen': [0.7695622895622894, 0.7002020202020202, 0.8612121212121213, 0.9085454545454545, 0.9032929292929293, 0.9025656565656567, 0.8674949494949494, 0.8393737373737371], 'EM': [0.5043282828282829, 0.5043282828282829, 0.5043282828282829, 0.5043282828282829, 0.5043282828282829, 0.5043282828282829, 0.5043282828282829, 0.5043282828282829], 'fastGreedy': [0.9102132435465768, 0.9158585858585859, 0.9842424242424241, 0.9841616161616162, 0.9280808080808081, 0.9658989898989898, 0.9762020202020203, 0.962929292929293], 'multilevel': [0.6219304152637485, 0.6514545454545454, 0.6594949494949495, 0.6728282828282828, 0.6858181818181818, 0.6916969696969696, 0.7074949494949495, 0.7022424242424243], 'kmeans': [0.4991515151515151, 0.4991515151515151, 0.4991515151515151, 0.4991515151515151, 0.4991515151515151, 0.4991515151515151, 0.4991515151515151, 0.4991515151515151], 'edgeBetweeness': [0.9556228956228955, 0.8977373737373737, 0.9428282828282828, 0.8680808080808081, 0.9257979797979796, 0.8629494949494949, 0.8435555555555556, 0.6917373737373737]}}
---------------------------------------------------------------------------------------------------
./C2F50N2Ne50A0.180068240502R0_1.arff
nmi
{'walktrap': 1.7, 'labelPropag': 5.2, 'infoMap': 5.1, 'leadingEigen': 2.3, 'EM': 8.0, 'fastGreedy': 1.2, 'edgeBetweeness': 1.5, 'kmeans': 9.0, 'multilevel': 5.0}
rand
{'walktrap': 1.7, 'labelPropag': 5.6, 'infoMap': 4.5, 'leadingEigen': 2.2, 'EM': 8.0, 'fastGreedy': 1.2, 'edgeBetweeness': 1.5, 'kmeans': 9.0, 'multilevel': 5.5}
[3, 4, 5, 6, 7, 8, 9, 10]
{'nmi': {'walktrap': [0.8313624755344433, 0.8463130245818485, 0.8100327174842393, 0.905110570804007, 0.900500521685211, 0.9194672377235877, 0.834420900736385, 0.7441642031535847], 'labelPropag': [0.4036781815204802, 0.4444991115154361, 0.4827853800077328, 0.4855914489312118, 0.5217209225377097, 0.44021460234709825, 0.37919889072571394, 0.3450397073833337], 'infoMap': [0.4201906619289214, 0.4462595805294118, 0.4712536393974574, 0.4871435596575198, 0.5041790135332003, 0.535809395458164, 0.5741095320939089, 0.5717684586039271], 'leadingEigen': [0.27815550283746315, 0.6227517307335422, 0.8030043997848948, 0.7766919711405482, 0.7498885953587469, 0.7422280016407361, 0.7703574258234591, 0.6809796980219136], 'EM': [0.010200322446758326, 0.010200322446758326, 0.010200322446758326, 0.010200322446758326, 0.010200322446758326, 0.010200322446758326, 0.010200322446758326, 0.010200322446758326], 'fastGreedy': [0.8220291364794005, 0.8257047325972318, 0.9191520357699714, 0.9544097421864344, 0.8903536049875262, 0.9395770601617013, 0.9145593197221169, 0.800768049641864], 'multilevel': [0.48673810299749354, 0.49564527938961983, 0.5053820029144855, 0.5308236236868485, 0.5365041690562719, 0.5607393062082824, 0.5665934258721499, 0.5462091938222964], 'kmeans': [0.008539442881051011, 0.008539442881051011, 0.008539442881051011, 0.008539442881051011, 0.008539442881051011, 0.008539442881051011, 0.008539442881051011, 0.008539442881051011], 'edgeBetweeness': [0.9088379492713237, 0.8161747221618457, 0.841968753425037, 0.7318965450114725, 0.735209760162196, 0.7135037806376036, 0.6990759161925959, 0.43332397771667497]}, 'rand': {'walktrap': [0.9213737373737374, 0.9288080808080809, 0.9120202020202021, 0.9572121212121212, 0.9620606060606061, 0.9667878787878788, 0.935070707070707, 0.8750101010101012], 'labelPropag': [0.5787878787878787, 0.6080202020202019, 0.6424444444444444, 0.650222222222222, 0.6918989898989899, 0.6557373737373738, 0.6394747474747472, 0.6356565656565655], 'infoMap': [0.5809494949494949, 0.5983232323232323, 0.6180606060606061, 0.6306060606060606, 0.6564444444444444, 0.6649292929292929, 0.7163030303030302, 0.737131313131313], 'leadingEigen': [0.6373939393939393, 0.8383434343434344, 0.9204646464646465, 0.9069292929292929, 0.8895757575757577, 0.8929292929292929, 0.9058787878787878, 0.8618181818181817], 'EM': [0.5014828282828283, 0.5014828282828283, 0.5014828282828283, 0.5014828282828283, 0.5014828282828283, 0.5014828282828283, 0.5014828282828283, 0.5014828282828283], 'fastGreedy': [0.9186060606060605, 0.9255555555555557, 0.9709696969696969, 0.986121212121212, 0.9536767676767678, 0.9753737373737372, 0.9651919191919192, 0.9191111111111111], 'multilevel': [0.6264444444444444, 0.6393333333333332, 0.6485252525252524, 0.6648686868686867, 0.6731717171717171, 0.6862626262626261, 0.6868484848484847, 0.6867878787878787], 'kmeans': [0.5004848484848485, 0.5004848484848485, 0.5004848484848485, 0.5004848484848485, 0.5004848484848485, 0.5004848484848485, 0.5004848484848485, 0.5004848484848485], 'edgeBetweeness': [0.9652525252525253, 0.9141414141414141, 0.926888888888889, 0.859030303030303, 0.8658383838383837, 0.8576363636363636, 0.848181818181818, 0.6786666666666665]}}
---------------------------------------------------------------------------------------------------
./C50F2N2Ne5A24.9905257444R0_1.arff
nmi
{'walktrap': 3.0, 'labelPropag': 5.555555555555555, 'infoMap': 5.333333333333333, 'leadingEigen': 7.555555555555555, 'EM': 2.0, 'fastGreedy': 8.777777777777779, 'edgeBetweeness': 4.0, 'kmeans': 1.0, 'multilevel': 7.666666666666667}
rand
{'walktrap': 3.0, 'labelPropag': 5.666666666666667, 'infoMap': 5.222222222222222, 'leadingEigen': 7.555555555555555, 'EM': 2.0, 'fastGreedy': 9.0, 'edgeBetweeness': 4.0, 'kmeans': 1.0, 'multilevel': 7.444444444444445}
[12, 13, 14, 15]
{'nmi': {'walktrap': [0.8671013527165815, 0.8727356942101324, 0.8831156930718198, 0.87211859509765], 'labelPropag': [0.7775451609653943, 0.7628804210552084, 0.7332837016367612, 0.7391624390652907], 'infoMap': [0.7641475765845372, 0.7583088216654098, 0.7500341369362964, 0.7403829511285767], 'leadingEigen': [0.6901045443459781, 0.6951129123561887, 0.6804836218901683, 0.6712343338242022], 'EM': [0.9351303636313713, 0.9351303636313713, 0.9351303636313713, 0.9351303636313713], 'fastGreedy': [0.6452800759113345, 0.6396155799173913, 0.6315114235971884, 0.6262518332865421], 'multilevel': [0.7022171810298041, 0.6815772950092901, 0.6769677819397035, 0.6779281797967543], 'kmeans': [0.9392712192683884, 0.9392712192683884, 0.9392712192683884, 0.9392712192683884], 'edgeBetweeness': [0.8214892707316992, 0.8190977242148471, 0.8143110068627357, 0.8091135816037036]}, 'rand': {'walktrap': [0.9811726907630522, 0.981574297188755, 0.982714859437751, 0.9815296742525658], 'labelPropag': [0.9405060240963856, 0.931550200803213, 0.9157510040160642, 0.9185720660419455], 'infoMap': [0.9332008032128515, 0.931128514056225, 0.9270120481927712, 0.9233520749665328], 'leadingEigen': [0.8990240963855421, 0.9014337349397591, 0.8926666666666667, 0.8850798750557787], 'EM': [0.990917108433735, 0.990917108433735, 0.990917108433735, 0.990917108433735], 'fastGreedy': [0.8438152610441767, 0.8382530120481928, 0.8248875502008032, 0.8198946898705934], 'multilevel': [0.8994337349397591, 0.885859437751004, 0.8823694779116465, 0.8837304774654171], 'kmeans': [0.991836144578313, 0.991836144578313, 0.991836144578313, 0.991836144578313], 'edgeBetweeness': [0.9664457831325302, 0.9638915662650602, 0.9612449799196786, 0.9608246318607764]}}
---------------------------------------------------------------------------------------------------
