['./C10F2N2Ne50A2.31863882985R0_1.arff', './C10F2N2Ne50A2.31863882985R1_1.arff', './C10F2N2Ne50A2.31863882985R2_1.arff', './C10F2N2Ne50A2.31863882985R3_1.arff', './C10F2N2Ne50A2.31863882985R4_1.arff', './C10F2N2Ne50A2.31863882985R5_1.arff', './C10F2N2Ne50A2.31863882985R6_1.arff', './C10F2N2Ne50A2.31863882985R7_1.arff', './C10F2N2Ne50A2.31863882985R8_1.arff', './C10F2N2Ne50A2.31863882985R9_1.arff']
NMI
{'labelPropag': 1.9, 'fastGreedy': 5.0, 'walktrap': 3.2, 'leadingEigen': 5.6, 'infoMap': 2.4, 'multilevel': 3.2, 'edgeBetweeness': 1.9}


Rand Index
{'labelPropag': 1.4, 'fastGreedy': 4.3, 'walktrap': 4.8, 'leadingEigen': 6.4, 'infoMap': 1.6, 'multilevel': 3.0, 'edgeBetweeness': 4.2}


{'rand': {'labelPropag': [0.8876793587174349, 0.8752625250501002, 0.8827334669338678, 0.8872865731462926, 0.8875350701402804, 0.8939238476953908, 0.8982845691382766, 0.8860200400801603, 0.87811623246493, 0.8843847695390781], 'fastGreedy': [0.741002004008016, 0.7926332665330662, 0.7474789579158316, 0.7688176352705411, 0.7642645290581163, 0.7268937875751503, 0.7554869739478959, 0.7765450901803607, 0.743190380761523, 0.7202645290581162], 'walktrap': [0.8573146292585171, 0.8514709418837676, 0.8591823647294589, 0.8553507014028057, 0.8581482965931864, 0.8586052104208417, 0.8657314629258518, 0.8468697394789579, 0.8544609218436874, 0.8585811623246492], 'leadingEigen': [0.8401442885771544, 0.09819639278557113, 0.8328336673346692, 0.8334989979959919, 0.808937875751503, 0.8019879759519039, 0.7842244488977956, 0.8151983967935871, 0.7790941883767535, 0.7959278557114229], 'infoMap': [0.8994789579158317, 0.887807615230461, 0.8850260521042084, 0.8938917835671343, 0.8919839679358716, 0.8932825651302606, 0.8999519038076152, 0.8828617234468938, 0.884496993987976, 0.8858196392785572], 'multilevel': [0.8815551102204409, 0.8593026052104208, 0.8635991983967936, 0.8708376753507013, 0.863871743486974, 0.8717595190380761, 0.8819799599198398, 0.8562645290581162, 0.8604088176352704, 0.8677354709418836], 'edgeBetweeness': [0.8713186372745492, 0.8511182364729459, 0.8609218436873747, 0.8592384769539078, 0.866501002004008, 0.8660440881763527, 0.8720641282565131, 0.8524889779559119, 0.852561122244489, 0.8663567134268536]}, 'nmi': {'labelPropag': [0.4873062894109958, 0.4415945751603659, 0.3963484721320367, 0.4417807885536125, 0.444302708050978, 0.46722069829040175, 0.5010355984484617, 0.378595423628975, 0.43032768262149057, 0.41211063584169005], 'fastGreedy': [0.3485390140522138, 0.4144267817349128, 0.3846984063164852, 0.36603139543646457, 0.38175918880652254, 0.4082506592795498, 0.4316863025084826, 0.3234991597637315, 0.33753283664115086, 0.3647604661198608], 'walktrap': [0.4725709089636615, 0.4335216343953314, 0.3839715345715535, 0.42747055553129215, 0.42852492732229946, 0.47448258708001895, 0.5011329289592663, 0.34303198511410266, 0.4117701563963551, 0.44116591718694775], 'leadingEigen': [0.4280925576747435, 0.0, 0.39605406013869165, 0.3737660565783461, 0.4394027204337946, 0.4343974649280138, 0.4509753308612785, 0.33999918154508324, 0.33096443062852116, 0.4012489089720261], 'infoMap': [0.4926632139524862, 0.4381112102470144, 0.39280425296784016, 0.4534193850097146, 0.44184347214605557, 0.47490228774200227, 0.4926986924029184, 0.37526187581442616, 0.42873277308579455, 0.41630232335363093], 'multilevel': [0.49283918153222384, 0.43280568262446106, 0.4040228478761933, 0.4344536393209757, 0.43284492300201305, 0.46837989816066594, 0.5022082617267553, 0.35032298097796477, 0.41389566305541886, 0.44036219762027806], 'edgeBetweeness': [0.4862898812747597, 0.43111771348881217, 0.405198902997996, 0.4311549511545233, 0.444907057026125, 0.48431844434108007, 0.5007097170660512, 0.3417648750277099, 0.4056953481376401, 0.43712691235319]}}


------------------------------------------------------


['./C10F2N2Ne50A4.63727765969R0_1.arff', './C10F2N2Ne50A4.63727765969R1_1.arff', './C10F2N2Ne50A4.63727765969R2_1.arff', './C10F2N2Ne50A4.63727765969R3_1.arff', './C10F2N2Ne50A4.63727765969R4_1.arff', './C10F2N2Ne50A4.63727765969R5_1.arff', './C10F2N2Ne50A4.63727765969R6_1.arff', './C10F2N2Ne50A4.63727765969R7_1.arff', './C10F2N2Ne50A4.63727765969R8_1.arff', './C10F2N2Ne50A4.63727765969R9_1.arff']
NMI
{'labelPropag': 5.6, 'fastGreedy': 4.7, 'walktrap': 2.2, 'leadingEigen': 5.5, 'infoMap': 4.6, 'multilevel': 2.1, 'edgeBetweeness': 1.4}


Rand Index
{'labelPropag': 3.7, 'fastGreedy': 6.5, 'walktrap': 3.9, 'leadingEigen': 6.3, 'infoMap': 2.6, 'multilevel': 1.7, 'edgeBetweeness': 2.3}


{'rand': {'labelPropag': [0.9151262525050099, 0.9193667334669338, 0.9015791583166333, 0.9165771543086173, 0.9091623246492986, 0.9165611222444889, 0.9296593186372747, 0.9220761523046092, 0.9128176352705412, 0.9216272545090181], 'fastGreedy': [0.8097715430861724, 0.8703166332665331, 0.7471022044088176, 0.8262364729458919, 0.7943406813627254, 0.8202164328657315, 0.8635430861723445, 0.9035511022044087, 0.8163286573146293, 0.8491062124248498], 'walktrap': [0.89462124248497, 0.893739478957916, 0.8899559118236473, 0.9138116232464929, 0.8829418837675351, 0.9074869739478957, 0.9342124248496995, 0.941314629258517, 0.9234308617234468, 0.9288577154308618], 'leadingEigen': [0.7957114228456915, 0.8805931863727454, 0.8624609218436874, 0.8947174348697395, 0.8470380761523046, 0.8442965931863728, 0.8525450901803608, 0.8835110220440883, 0.9035350701402804, 0.886925851703407], 'infoMap': [0.9211623246492987, 0.9208977955911825, 0.9041603206412825, 0.9215390781563128, 0.9079679358717435, 0.9182444889779559, 0.9344288577154308, 0.9274468937875752, 0.9203286573146293, 0.9302044088176353], 'multilevel': [0.9235350701402807, 0.9266292585170341, 0.8901643286573147, 0.9243847695390781, 0.9025971943887776, 0.915118236472946, 0.9413306613226453, 0.9460440881763528, 0.9271422845691383, 0.9473747494989979], 'edgeBetweeness': [0.9189018036072144, 0.9310220440881763, 0.8991102204408817, 0.9155030060120242, 0.8943887775551103, 0.9190861723446894, 0.9515751503006012, 0.9484729458917835, 0.9224529058116233, 0.9352224448897796]}, 'nmi': {'labelPropag': [0.6474694680650238, 0.6715366895886365, 0.5615787661833616, 0.6607216545342071, 0.5965479119569344, 0.6502881649087762, 0.7322069753694003, 0.7093020249489418, 0.6537066870057923, 0.7038511500709919], 'fastGreedy': [0.5845965568295272, 0.7341961178405019, 0.5129571968755834, 0.6593909967808073, 0.5102380946283003, 0.5780532655233774, 0.7196772062092842, 0.8106519198148483, 0.6144845767073012, 0.6497352062346586], 'walktrap': [0.6696746817340598, 0.7400283690519674, 0.5798894820328234, 0.739151378511126, 0.6111907799754093, 0.6813707468016463, 0.8090782985018008, 0.8288531463995572, 0.7294741322611342, 0.7859609282841862], 'leadingEigen': [0.5394310561698823, 0.6505299451370131, 0.5676382582660016, 0.7110376560475139, 0.5468725527863878, 0.643246132559483, 0.6612774907242712, 0.7439149635215183, 0.7171305903175564, 0.7069447165295192], 'infoMap': [0.6745974281645613, 0.6865822370572998, 0.560910809731877, 0.6753983514620195, 0.5966857208583529, 0.6557828975911442, 0.7527731975984201, 0.7394727706033954, 0.6685221807214102, 0.7344929058390953], 'multilevel': [0.716538114996497, 0.7477406433130522, 0.5679120550501455, 0.7157025430486956, 0.6044498926880273, 0.67546534313186, 0.7859288435958092, 0.8330727957381066, 0.7286517122033074, 0.7903984754942089], 'edgeBetweeness': [0.7137077579197966, 0.7665990394607922, 0.6032420850133917, 0.721332010307708, 0.6134721929723992, 0.7011697231073973, 0.8413211137357041, 0.8388931268995611, 0.7305741365159016, 0.7854232744733595]}}


------------------------------------------------------


['./C10F2N2Ne5A2.78342142966R0_1.arff', './C10F2N2Ne5A2.78342142966R1_1.arff', './C10F2N2Ne5A2.78342142966R2_1.arff', './C10F2N2Ne5A2.78342142966R3_1.arff', './C10F2N2Ne5A2.78342142966R4_1.arff', './C10F2N2Ne5A2.78342142966R5_1.arff', './C10F2N2Ne5A2.78342142966R6_1.arff', './C10F2N2Ne5A2.78342142966R7_1.arff', './C10F2N2Ne5A2.78342142966R8_1.arff', './C10F2N2Ne5A2.78342142966R9_1.arff']
NMI
{'labelPropag': 6.4, 'fastGreedy': 3.8, 'walktrap': 1.1, 'leadingEigen': 4.6, 'infoMap': 5.0, 'multilevel': 4.7, 'edgeBetweeness': 2.0}


Rand Index
{'labelPropag': 6.2, 'fastGreedy': 5.3, 'walktrap': 1.0, 'leadingEigen': 5.0, 'infoMap': 4.4, 'multilevel': 3.7, 'edgeBetweeness': 2.0}


{'rand': {'labelPropag': [0.7730612244897959, 0.8057142857142856, 0.6587755102040816, 0.7746938775510204, 0.5714285714285713, 0.7093877551020409, 0.5681632653061223, 0.7012244897959182, 0.6726530612244896, 0.6391836734693876], 'fastGreedy': [0.7714285714285714, 0.7771428571428571, 0.7412244897959182, 0.6987755102040815, 0.6799999999999998, 0.8212244897959182, 0.697142857142857, 0.7412244897959184, 0.7036734693877552, 0.7265306122448978], 'walktrap': [0.8653061224489795, 0.8995918367346938, 0.8718367346938776, 0.8832653061224489, 0.8620408163265305, 0.8906122448979592, 0.8881632653061226, 0.8595918367346937, 0.8628571428571428, 0.8702040816326532], 'leadingEigen': [0.7893877551020407, 0.7902040816326531, 0.6693877551020406, 0.7632653061224488, 0.7730612244897959, 0.7191836734693876, 0.8024489795918366, 0.7567346938775508, 0.7020408163265305, 0.7763265306122449], 'infoMap': [0.773061224489796, 0.8057142857142856, 0.6832653061224488, 0.7959183673469385, 0.6824489795918367, 0.7314285714285713, 0.720816326530612, 0.7012244897959182, 0.6726530612244896, 0.6391836734693876], 'multilevel': [0.7779591836734694, 0.8057142857142857, 0.6832653061224488, 0.7959183673469385, 0.7665306122448979, 0.7314285714285713, 0.6995918367346938, 0.7012244897959181, 0.8228571428571428, 0.7697959183673468], 'edgeBetweeness': [0.8171428571428572, 0.8506122448979592, 0.7624489795918367, 0.8424489795918366, 0.806530612244898, 0.8277551020408161, 0.8179591836734694, 0.7763265306122448, 0.8326530612244897, 0.8081632653061225]}, 'nmi': {'labelPropag': [0.4760578642753247, 0.6249780786150294, 0.41805199624658085, 0.5289939865250419, 0.36209585336189265, 0.4584312329188165, 0.38051568187433177, 0.39810664795332057, 0.4593554126705048, 0.3645118447071992], 'fastGreedy': [0.5292001688337598, 0.5573501339661534, 0.546394165843527, 0.5090746424948553, 0.4830957507851273, 0.6339712765307369, 0.5147192711207235, 0.48916120570763333, 0.44154598694934327, 0.487751205541241], 'walktrap': [0.6127254411808958, 0.7582000857732097, 0.5949114597351008, 0.6286543871602343, 0.548013554388591, 0.7059241882960281, 0.6504455506614696, 0.5855368748373267, 0.5866399599768439, 0.6040036211770067], 'leadingEigen': [0.5373614822270949, 0.5680060140706361, 0.45221925541966446, 0.43688127724538117, 0.4683364850087278, 0.49356327156024643, 0.5818671918767291, 0.48726604697457504, 0.3980224889851073, 0.4646969185449985], 'infoMap': [0.480174488328826, 0.6249780786150294, 0.3988049977032558, 0.5888246463673183, 0.4272610790673999, 0.5266056517442361, 0.5364233434053234, 0.39810664795332057, 0.45935541267050495, 0.3645118447071992], 'multilevel': [0.47751065941688625, 0.6249780786150295, 0.3988049977032557, 0.5888246463673183, 0.478088677061951, 0.5266056517442361, 0.5054619872675105, 0.3981066479533205, 0.5597371875728242, 0.44888203073876426], 'edgeBetweeness': [0.5443976055307013, 0.6882587320801793, 0.5085415518052208, 0.6455837672447885, 0.5343474851118665, 0.6356973227443401, 0.6078747381005526, 0.5309458038232902, 0.6061873342282316, 0.516844842375964]}}


------------------------------------------------------


['./C10F2N2Ne5A5.56684285932R0_1.arff', './C10F2N2Ne5A5.56684285932R1_1.arff', './C10F2N2Ne5A5.56684285932R2_1.arff', './C10F2N2Ne5A5.56684285932R3_1.arff', './C10F2N2Ne5A5.56684285932R4_1.arff', './C10F2N2Ne5A5.56684285932R5_1.arff', './C10F2N2Ne5A5.56684285932R6_1.arff', './C10F2N2Ne5A5.56684285932R7_1.arff', './C10F2N2Ne5A5.56684285932R8_1.arff', './C10F2N2Ne5A5.56684285932R9_1.arff']
NMI
{'labelPropag': 3.5, 'fastGreedy': 5.5, 'walktrap': 1.1, 'leadingEigen': 5.7, 'infoMap': 3.8, 'multilevel': 4.7, 'edgeBetweeness': 2.6}


Rand Index
{'labelPropag': 4.3, 'fastGreedy': 5.8, 'walktrap': 1.0, 'leadingEigen': 5.3, 'infoMap': 4.0, 'multilevel': 4.4, 'edgeBetweeness': 2.0}


{'rand': {'labelPropag': [0.7379591836734694, 0.7028571428571428, 0.6726530612244898, 0.7975510204081632, 0.7028571428571428, 0.683265306122449, 0.08163265306122436, 0.7142857142857142, 0.7110204081632652, 0.7191836734693877], 'fastGreedy': [0.7379591836734694, 0.826938775510204, 0.8359183673469387, 0.7706122448979591, 0.7420408163265305, 0.7444897959183673, 0.7053061224489794, 0.7787755102040814, 0.7828571428571429, 0.7885714285714285], 'walktrap': [0.8938775510204082, 0.8702040816326531, 0.9061224489795918, 0.9118367346938774, 0.9240816326530612, 0.9297959183673469, 0.9314285714285713, 0.9175510204081632, 0.9044897959183673, 0.8938775510204081], 'leadingEigen': [0.793469387755102, 0.803265306122449, 0.8040816326530611, 0.6759183673469387, 0.8253061224489796, 0.7844897959183672, 0.7110204081632652, 0.7110204081632653, 0.7942857142857143, 0.8008163265306122], 'infoMap': [0.7420408163265306, 0.7942857142857143, 0.8097959183673468, 0.7142857142857142, 0.7028571428571428, 0.7306122448979591, 0.7191836734693876, 0.7322448979591835, 0.7991836734693876, 0.8008163265306121], 'multilevel': [0.7420408163265306, 0.7942857142857143, 0.8130612244897959, 0.8106122448979591, 0.8253061224489796, 0.7151020408163263, 0.7191836734693876, 0.7322448979591835, 0.8040816326530611, 0.8008163265306121], 'edgeBetweeness': [0.8644897959183673, 0.8424489795918366, 0.8522448979591837, 0.8563265306122447, 0.833469387755102, 0.8473469387755102, 0.780408163265306, 0.7926530612244896, 0.830204081632653, 0.8587755102040815]}, 'nmi': {'labelPropag': [0.5974530255310446, 0.5081297991024073, 0.5600744849017253, 0.6036468718126904, 0.5837972306042096, 0.5027710703964045, 0.0, 0.6179948617017964, 0.49654409532707233, 0.5921339659823736], 'fastGreedy': [0.6158455517777756, 0.5964750265641191, 0.6629376464808534, 0.6184686307347401, 0.572175077100126, 0.5744391042461479, 0.5771647178056227, 0.64077408358425, 0.5739839773334253, 0.6388030988951316], 'walktrap': [0.7763882735981681, 0.6711187845061632, 0.7379499479520814, 0.7304480906196695, 0.8147174107927186, 0.7685498035925779, 0.77582317216125, 0.7480269812635122, 0.7480617892386873, 0.724902157953675], 'leadingEigen': [0.6613149458330388, 0.5530556945289662, 0.5806644064684934, 0.4066745478566698, 0.7140424805894484, 0.5433901619675031, 0.5282507493506713, 0.44564368852763303, 0.5729008377639535, 0.6758294528705782], 'infoMap': [0.6002414632394616, 0.5735140265585665, 0.6508042916156698, 0.5477825656484016, 0.5837972306042096, 0.5763025914835745, 0.4762963163711027, 0.5434305652938677, 0.6054769384904598, 0.6756812452207664], 'multilevel': [0.6002414632394616, 0.5735140265585665, 0.6456397738332834, 0.6356387346972575, 0.7140424805894485, 0.47363238533166807, 0.4762963163711027, 0.5434305652938679, 0.6095338149354639, 0.6756812452207664], 'edgeBetweeness': [0.7266279533172221, 0.6518372740220011, 0.6757800911458807, 0.629099674291115, 0.6723606734721355, 0.6850192168956112, 0.5509447128305177, 0.5907697472990925, 0.6830849381838346, 0.7212712558989332]}}


------------------------------------------------------


['./C2F10N2Ne100A0.05R0_1.arff', './C2F10N2Ne100A0.05R1_1.arff', './C2F10N2Ne100A0.05R2_1.arff', './C2F10N2Ne100A0.05R3_1.arff', './C2F10N2Ne100A0.05R4_1.arff', './C2F10N2Ne100A0.05R5_1.arff', './C2F10N2Ne100A0.05R6_1.arff', './C2F10N2Ne100A0.05R7_1.arff', './C2F10N2Ne100A0.05R8_1.arff', './C2F10N2Ne100A0.05R9_1.arff']
NMI
{'labelPropag': 3.5, 'fastGreedy': 3.2, 'walktrap': 2.6, 'leadingEigen': 5.7, 'infoMap': 3.1, 'multilevel': 2.6, 'edgeBetweeness': 2.9}


Rand Index
{'labelPropag': 4.0, 'fastGreedy': 2.5, 'walktrap': 2.3, 'leadingEigen': 4.3, 'infoMap': 4.2, 'multilevel': 2.6, 'edgeBetweeness': 2.8}


{'rand': {'labelPropag': [0.531356783919598, 0.5612060301507538, 0.6003517587939697, 0.5589447236180904, 0.5725125628140701, 0.594974874371859, 0.5640201005025125, 0.5281909547738692, 0.6815577889447237, 0.5667336683417086], 'fastGreedy': [0.6132663316582916, 0.7367336683417087, 0.9045226130653268, 0.6783919597989949, 0.5947738693467334, 0.9703015075376883, 0.6724120603015074, 0.539748743718593, 0.684472361809045, 0.5240703517587939], 'walktrap': [0.5427135678391958, 0.5175879396984923, 0.6386432160804019, 0.5590452261306535, 0.539748743718593, 0.5522110552763821, 0.8353768844221106, 0.5196482412060301, 1.0, 0.5904020100502512], 'leadingEigen': [0.4992964824120604, 0.4975376884422111, 0.5778894472361807, 0.5341206030150754, 0.49768844221105524, 0.6181407035175878, 0.633366834170854, 0.5025125628140702, 0.6494974874371858, 0.5047236180904524], 'infoMap': [0.565929648241206, 0.5591959798994974, 0.6008040201005025, 0.6028643216080402, 0.5562814070351759, 0.5888442211055277, 0.5767839195979899, 0.5376381909547738, 0.6239698492462311, 0.5658793969849245], 'multilevel': [0.5651256281407034, 0.5612060301507537, 0.6062814070351759, 0.6713065326633165, 0.5913567839195979, 0.667286432160804, 0.6064824120603014, 0.5459798994974875, 0.6606532663316582, 0.5984924623115578], 'edgeBetweeness': [0.5137688442211055, 0.5240703517587939, 0.6038190954773868, 0.6783919597989949, 0.5368844221105527, 0.5457788944723617, 0.6906532663316581, 0.5341206030150755, 0.9899999999999999, 0.5175879396984923]}, 'nmi': {'labelPropag': [0.2127307862814608, 0.2776508045612755, 0.3769777971611825, 0.3081745425891872, 0.2679006849608626, 0.3485306073773984, 0.2916138025293741, 0.12824430193856606, 0.5221204077197623, 0.2755380728521313], 'fastGreedy': [0.18276145597018734, 0.39185125362312323, 0.7191028708193561, 0.3112922958787181, 0.16797903653964144, 0.9024477451551777, 0.3264880310842189, 0.0686434213775323, 0.39965374040621215, 0.03916834319383814], 'walktrap': [0.210200793961188, 0.14708219223672467, 0.3358986198812145, 0.24203701741627584, 0.20388923946906837, 0.2292333702028831, 0.6022111600455694, 0.12455024925133047, 1.0, 0.14788200814779867], 'leadingEigen': [0.0026040912897223128, 7.261963669877574e-05, 0.14361542870419322, 0.05343495386380756, 0.0002887154108155122, 0.3064257180339737, 0.32839867573994286, 0.007325622571954719, 0.258798381591899, 0.010464154994941582], 'infoMap': [0.31319402818703107, 0.30619948284509585, 0.39546360643644823, 0.4141192631314555, 0.28281838694177797, 0.39163832497804985, 0.3709462664928609, 0.1854954375434386, 0.46616660417202477, 0.2835322593743491], 'multilevel': [0.24100700560380803, 0.24023701882527876, 0.37427332607227504, 0.48871923453647115, 0.2847969050999071, 0.4853646855057681, 0.383782000702608, 0.1477563951839454, 0.5286373131613935, 0.3367700760017185], 'edgeBetweeness': [0.13426149725450123, 0.16610602218414625, 0.28516676766769133, 0.42079149180514014, 0.1975881479642405, 0.21652637231729108, 0.437521924292736, 0.10588649089667032, 0.9595659056988852, 0.14708219223672467]}}


------------------------------------------------------


['./C2F10N2Ne100A0.15R0_1.arff', './C2F10N2Ne100A0.15R1_1.arff', './C2F10N2Ne100A0.15R2_1.arff', './C2F10N2Ne100A0.15R3_1.arff', './C2F10N2Ne100A0.15R4_1.arff', './C2F10N2Ne100A0.15R5_1.arff', './C2F10N2Ne100A0.15R6_1.arff', './C2F10N2Ne100A0.15R7_1.arff', './C2F10N2Ne100A0.15R8_1.arff', './C2F10N2Ne100A0.15R9_1.arff']
NMI
{'labelPropag': 4.5, 'fastGreedy': 2.9, 'walktrap': 2.2, 'leadingEigen': 6.0, 'infoMap': 3.3, 'multilevel': 3.3, 'edgeBetweeness': 2.2}


Rand Index
{'labelPropag': 3.8, 'fastGreedy': 2.7, 'walktrap': 2.0, 'leadingEigen': 4.2, 'infoMap': 4.1, 'multilevel': 3.3, 'edgeBetweeness': 2.4}


{'rand': {'labelPropag': [0.5244723618090451, 0.5693969849246231, 0.6544723618090451, 0.6270351758793969, 0.5272361809045225, 0.6127638190954774, 0.5768341708542714, 0.6187437185929648, 0.6572361809045226, 0.60321608040201], 'fastGreedy': [0.504723618090452, 0.49929648241206015, 0.8111055276381909, 0.660753768844221, 0.5175879396984925, 0.8778391959798995, 0.5007035175879396, 0.9510050251256281, 0.9703015075376883, 0.5555778894472362], 'walktrap': [0.5059798994974873, 0.5047236180904523, 1.0, 0.8778391959798995, 0.5175879396984923, 0.5739195979899497, 0.5778894472361807, 0.8190954773869348, 0.5427135678391958, 0.8436683417085427], 'leadingEigen': [0.49874371859296474, 0.5007035175879396, 0.7163819095477387, 0.49874371859296474, 0.49874371859296474, 0.5035678391959797, 0.49994974874371856, 0.5059798994974875, 0.5120100502512562, 0.4982914572864321], 'infoMap': [0.5517085427135678, 0.5707035175879398, 0.6390452261306532, 0.6178391959798996, 0.553969849246231, 0.596532663316583, 0.5900502512562814, 0.5879396984924622, 0.6171859296482413, 0.5926633165829145], 'multilevel': [0.5693467336683418, 0.6001005025125628, 0.6871356783919598, 0.629748743718593, 0.5375879396984924, 0.658391959798995, 0.5942211055276382, 0.6240201005025124, 0.6209547738693465, 0.5955778894472362], 'edgeBetweeness': [0.5025125628140704, 0.6386432160804019, 1.0, 0.5590452261306535, 0.5196482412060304, 0.6906532663316581, 0.5700502512562812, 0.6906532663316581, 0.6386432160804019, 0.6494974874371859]}, 'nmi': {'labelPropag': [0.1605793147842336, 0.3303391809836068, 0.5343750650097386, 0.40557317769654744, 0.1898050184950505, 0.4084940720640504, 0.25726409220273494, 0.44868800294235794, 0.48941072555062826, 0.32474029380228664], 'fastGreedy': [0.012589137870895328, 0.002857930847184893, 0.606935138761001, 0.25934078965009294, 0.031131119184396337, 0.7134164437661085, 0.004713998200229846, 0.8557693561998527, 0.9024477451551777, 0.09434576541925639], 'walktrap': [0.0135635746960772, 0.011145294826283918, 1.0, 0.7134164437661085, 0.14708219223672467, 0.26803707194897813, 0.27463724921161137, 0.618977004017456, 0.210200793961188, 0.6158990205955117], 'leadingEigen': [0.0019425182548431028, 0.00494503597741342, 0.4726208033119665, 0.001860897024753579, 0.001804366844053004, 0.008776053773380454, 0.00368179076409851, 0.012240489241048627, 0.020951437825903797, 0.0011859873996891619], 'infoMap': [0.2605704384917829, 0.33378029871402914, 0.5107895593395017, 0.42260221499670486, 0.2431865814989532, 0.40941012460102116, 0.3265290806252372, 0.4023896304571234, 0.47222001558381105, 0.36366131802007334], 'multilevel': [0.28327452077269666, 0.3530095487526992, 0.5726903795723327, 0.4442686562945075, 0.1774708755973335, 0.48219433655173444, 0.26518063270956643, 0.4325431855100674, 0.4022205029802429, 0.36474397117965546], 'edgeBetweeness': [0.008077720269622286, 0.3658245010001908, 1.0, 0.24203701741627584, 0.15344565140605376, 0.437521924292736, 0.26148008240576287, 0.437521924292736, 0.3358986198812145, 0.3810135493742976]}}


------------------------------------------------------


['./C2F10N2Ne50A0.216163808249R0_1.arff', './C2F10N2Ne50A0.216163808249R1_1.arff', './C2F10N2Ne50A0.216163808249R2_1.arff', './C2F10N2Ne50A0.216163808249R3_1.arff', './C2F10N2Ne50A0.216163808249R4_1.arff', './C2F10N2Ne50A0.216163808249R5_1.arff', './C2F10N2Ne50A0.216163808249R6_1.arff', './C2F10N2Ne50A0.216163808249R7_1.arff', './C2F10N2Ne50A0.216163808249R8_1.arff', './C2F10N2Ne50A0.216163808249R9_1.arff']
NMI
{'labelPropag': 2.9, 'fastGreedy': 3.3, 'walktrap': 4.3, 'leadingEigen': 5.6, 'infoMap': 2.3, 'multilevel': 2.3, 'edgeBetweeness': 4.4}


Rand Index
{'labelPropag': 2.9, 'fastGreedy': 2.8, 'walktrap': 4.2, 'leadingEigen': 4.1, 'infoMap': 2.8, 'multilevel': 2.5, 'edgeBetweeness': 3.6}


{'rand': {'labelPropag': [0.49494949494949503, 0.49494949494949503, 0.5347474747474747, 0.5024242424242422, 0.5981818181818181, 0.510909090909091, 0.49494949494949503, 0.5078787878787877, 0.5048484848484849, 0.5240404040404039], 'fastGreedy': [0.5840404040404041, 0.5466666666666666, 0.49676767676767664, 0.49676767676767664, 0.6648484848484849, 0.5240404040404039, 0.5604040404040405, 0.6315151515151514, 0.5193939393939394, 0.5193939393939392], 'walktrap': [0.5345454545454544, 0.5151515151515152, 0.5290909090909091, 0.5078787878787876, 0.5678787878787879, 0.5404040404040406, 0.5240404040404041, 0.5240404040404039, 0.4999999999999999, 0.5533333333333333], 'leadingEigen': [0.5022222222222221, 0.4951515151515151, 0.5113131313131312, 0.49676767676767675, 0.6315151515151515, 0.5, 0.4951515151515151, 0.5078787878787878, 0.49818181818181817, 0.4951515151515151], 'infoMap': [0.6561616161616161, 0.5838383838383838, 0.5797979797979796, 0.5167676767676768, 0.6626262626262625, 0.6044444444444443, 0.5856565656565657, 0.6319191919191918, 0.5650505050505051, 0.646060606060606], 'multilevel': [0.6793939393939392, 0.5838383838383838, 0.5812121212121212, 0.5593939393939393, 0.605050505050505, 0.6462626262626261, 0.6135353535353536, 0.6838383838383838, 0.617171717171717, 0.5951515151515152], 'edgeBetweeness': [0.5466666666666666, 0.515151515151515, 0.5290909090909091, 0.4981818181818183, 0.6315151515151516, 0.49575757575757573, 0.5604040404040403, 0.5240404040404039, 0.5290909090909091, 0.5604040404040405]}, 'nmi': {'labelPropag': [0.0, 0.0, 0.1675886418611789, 0.012534998923280893, 0.20699379662633172, 0.0921505992443735, 0.0, 0.12127467512868235, 0.07375253364755838, 0.1724128406677002], 'fastGreedy': [0.17940787216567275, 0.08198909974765278, 0.0027799338233685197, 0.0027176285319420812, 0.27439870699268926, 0.042825994126273026, 0.09938001420152741, 0.2099968425759479, 0.03619177842223427, 0.0388339368622241], 'walktrap': [0.1975881479642405, 0.02911438311889148, 0.049355957046140854, 0.02012965296672539, 0.26148008240576287, 0.16262700130860958, 0.04352281535923603, 0.1724128406677002, 0.0074239120262086025, 0.23562147948399953], 'leadingEigen': [0.01062180979343453, 0.0002899779009722762, 0.02382973136014971, 0.0026112204692715652, 0.2055072236141043, 0.007261306984853137, 0.00029253081409623904, 0.019622102805850517, 0.0046316809410371345, 0.00029253081409623904], 'infoMap': [0.43738785728193347, 0.29529482974800214, 0.29392235500089803, 0.05260821441757619, 0.49513356598003594, 0.3603326601628735, 0.24431396383632256, 0.4522814323961079, 0.26753411017971446, 0.4034971226421695], 'multilevel': [0.49758525826804273, 0.29684059756857817, 0.23939540916173493, 0.20585158909561407, 0.34380377311295574, 0.4293765461731782, 0.27245288983193083, 0.5148715430989242, 0.3174233324980388, 0.2985075324082229], 'edgeBetweeness': [0.22286943775271836, 0.14708219223672467, 0.049355957046140854, 0.004788064483640602, 0.35836787134097864, 0.0011569844335301957, 0.19999303456926928, 0.1724128406677002, 0.18500252551479746, 0.14327442358830525]}}


------------------------------------------------------


['./C2F10N2Ne5A0.05R0_1.arff', './C2F10N2Ne5A0.05R1_1.arff', './C2F10N2Ne5A0.05R2_1.arff', './C2F10N2Ne5A0.05R3_1.arff', './C2F10N2Ne5A0.05R4_1.arff', './C2F10N2Ne5A0.05R5_1.arff', './C2F10N2Ne5A0.05R6_1.arff', './C2F10N2Ne5A0.05R7_1.arff', './C2F10N2Ne5A0.05R8_1.arff', './C2F10N2Ne5A0.05R9_1.arff']
NMI
{'labelPropag': 4.0, 'fastGreedy': 1.9, 'walktrap': 1.7, 'leadingEigen': 2.5, 'infoMap': 4.7, 'multilevel': 2.4, 'edgeBetweeness': 2.3}


Rand Index
{'labelPropag': 4.2, 'fastGreedy': 1.4, 'walktrap': 1.8, 'leadingEigen': 2.1, 'infoMap': 5.2, 'multilevel': 1.9, 'edgeBetweeness': 2.1}


{'rand': {'labelPropag': [0.4444444444444444, 0.4444444444444444, 0.4444444444444444, 0.4444444444444444, 0.4444444444444444, 0.4444444444444444, 0.4444444444444444, 0.4444444444444444, 0.4444444444444444, 0.4444444444444444], 'fastGreedy': [0.4666666666666668, 0.4666666666666668, 0.4666666666666668, 0.4666666666666668, 0.4666666666666668, 0.4666666666666668, 0.4666666666666668, 0.4666666666666668, 0.4666666666666668, 0.4666666666666668], 'walktrap': [0.44444444444444453, 0.44444444444444453, 0.44444444444444453, 0.44444444444444453, 0.44444444444444453, 0.44444444444444453, 0.44444444444444453, 0.44444444444444453, 0.44444444444444453, 0.44444444444444453], 'leadingEigen': [0.4444444444444444, 0.4444444444444444, 0.4444444444444444, 0.4444444444444444, 0.4444444444444444, 0.4444444444444444, 0.4444444444444444, 0.4444444444444444, 0.4444444444444444, 0.4444444444444444], 'infoMap': [0.4444444444444444, 0.4444444444444444, 0.4444444444444444, 0.4444444444444444, 0.4444444444444444, 0.4444444444444444, 0.4444444444444444, 0.4444444444444444, 0.4444444444444444, 0.4444444444444444], 'multilevel': [0.4444444444444444, 0.4444444444444444, 0.4444444444444444, 0.4444444444444444, 0.4444444444444444, 0.4444444444444444, 0.4444444444444444, 0.4444444444444444, 0.4444444444444444, 0.4444444444444444], 'edgeBetweeness': [0.4666666666666668, 0.4666666666666668, 0.4666666666666668, 0.4666666666666668, 0.4666666666666668, 0.4666666666666668, 0.4666666666666668, 0.4666666666666668, 0.4666666666666668, 0.4666666666666668]}, 'nmi': {'labelPropag': [0.0, 0.0, 0.0, 0.0, 0.0, 0.0, 0.0, 0.0, 0.0, 0.0], 'fastGreedy': [0.14708219223672467, 0.14708219223672467, 0.14708219223672467, 0.14708219223672467, 0.14708219223672467, 0.14708219223672467, 0.14708219223672467, 0.14708219223672467, 0.14708219223672467, 0.14708219223672467], 'walktrap': [-9.751923298821974e-17, -9.751923298821974e-17, -9.751923298821974e-17, -9.751923298821974e-17, -9.751923298821974e-17, -9.751923298821974e-17, -9.751923298821974e-17, -9.751923298821974e-17, -9.751923298821974e-17, -9.751923298821974e-17], 'leadingEigen': [0.0, 0.0, 0.0, 0.0, 0.0, 0.0, 0.0, 0.0, 0.0, 0.0], 'infoMap': [0.0, 0.0, 0.0, 0.0, 0.0, 0.0, 0.0, 0.0, 0.0, 0.0], 'multilevel': [0.0, 0.0, 0.0, 0.0, 0.0, 0.0, 0.0, 0.0, 0.0, 0.0], 'edgeBetweeness': [0.14708219223672467, 0.14708219223672467, 0.14708219223672467, 0.14708219223672467, 0.14708219223672467, 0.14708219223672467, 0.14708219223672467, 0.14708219223672467, 0.14708219223672467, 0.14708219223672467]}}


------------------------------------------------------


['./C2F10N2Ne5A0.15R0_1.arff', './C2F10N2Ne5A0.15R1_1.arff', './C2F10N2Ne5A0.15R2_1.arff', './C2F10N2Ne5A0.15R3_1.arff', './C2F10N2Ne5A0.15R4_1.arff', './C2F10N2Ne5A0.15R5_1.arff', './C2F10N2Ne5A0.15R6_1.arff', './C2F10N2Ne5A0.15R7_1.arff', './C2F10N2Ne5A0.15R8_1.arff', './C2F10N2Ne5A0.15R9_1.arff']
NMI
{'labelPropag': 2.9, 'fastGreedy': 2.3, 'walktrap': 1.4, 'leadingEigen': 2.4, 'infoMap': 3.9, 'multilevel': 3.0, 'edgeBetweeness': 2.5}


Rand Index
{'labelPropag': 2.9, 'fastGreedy': 2.3, 'walktrap': 1.5, 'leadingEigen': 2.3, 'infoMap': 4.1, 'multilevel': 3.1, 'edgeBetweeness': 2.5}


{'rand': {'labelPropag': [0.4444444444444444, 0.4444444444444444, 0.4444444444444444, 0.4444444444444444, 0.4444444444444444, 0.4444444444444444, 0.4444444444444444, 0.4444444444444444, 0.4444444444444444, 0.4444444444444444], 'fastGreedy': [0.4666666666666668, 0.4666666666666668, 0.4666666666666668, 0.4666666666666668, 0.4666666666666668, 0.4666666666666668, 0.4666666666666668, 0.4666666666666668, 0.4666666666666668, 0.4666666666666668], 'walktrap': [0.44444444444444453, 0.44444444444444453, 0.44444444444444453, 0.44444444444444453, 0.44444444444444453, 0.44444444444444453, 0.44444444444444453, 0.44444444444444453, 0.44444444444444453, 0.44444444444444453], 'leadingEigen': [0.4444444444444444, 0.4444444444444444, 0.4444444444444444, 0.4444444444444444, 0.4444444444444444, 0.4444444444444444, 0.4444444444444444, 0.4444444444444444, 0.4444444444444444, 0.4444444444444444], 'infoMap': [0.4444444444444444, 0.4444444444444444, 0.4444444444444444, 0.4444444444444444, 0.4444444444444444, 0.4444444444444444, 0.4444444444444444, 0.4444444444444444, 0.4444444444444444, 0.4444444444444444], 'multilevel': [0.4444444444444444, 0.4444444444444444, 0.4444444444444444, 0.4444444444444444, 0.4444444444444444, 0.4444444444444444, 0.4444444444444444, 0.4444444444444444, 0.4444444444444444, 0.4444444444444444], 'edgeBetweeness': [0.4666666666666668, 0.4666666666666668, 0.4666666666666668, 0.4666666666666668, 0.4666666666666668, 0.4666666666666668, 0.4666666666666668, 0.4666666666666668, 0.4666666666666668, 0.4666666666666668]}, 'nmi': {'labelPropag': [0.0, 0.0, 0.0, 0.0, 0.0, 0.0, 0.0, 0.0, 0.0, 0.0], 'fastGreedy': [0.14708219223672467, 0.14708219223672467, 0.14708219223672467, 0.14708219223672467, 0.14708219223672467, 0.14708219223672467, 0.14708219223672467, 0.14708219223672467, 0.14708219223672467, 0.14708219223672467], 'walktrap': [-9.751923298821974e-17, -9.751923298821974e-17, -9.751923298821974e-17, -9.751923298821974e-17, -9.751923298821974e-17, -9.751923298821974e-17, -9.751923298821974e-17, -9.751923298821974e-17, -9.751923298821974e-17, -9.751923298821974e-17], 'leadingEigen': [0.0, 0.0, 0.0, 0.0, 0.0, 0.0, 0.0, 0.0, 0.0, 0.0], 'infoMap': [0.0, 0.0, 0.0, 0.0, 0.0, 0.0, 0.0, 0.0, 0.0, 0.0], 'multilevel': [0.0, 0.0, 0.0, 0.0, 0.0, 0.0, 0.0, 0.0, 0.0, 0.0], 'edgeBetweeness': [0.14708219223672467, 0.14708219223672467, 0.14708219223672467, 0.14708219223672467, 0.14708219223672467, 0.14708219223672467, 0.14708219223672467, 0.14708219223672467, 0.14708219223672467, 0.14708219223672467]}}


------------------------------------------------------


['./C2F10N2Ne5A0.1R0_1.arff', './C2F10N2Ne5A0.1R1_1.arff', './C2F10N2Ne5A0.1R2_1.arff', './C2F10N2Ne5A0.1R3_1.arff', './C2F10N2Ne5A0.1R4_1.arff', './C2F10N2Ne5A0.1R5_1.arff', './C2F10N2Ne5A0.1R6_1.arff', './C2F10N2Ne5A0.1R7_1.arff', './C2F10N2Ne5A0.1R8_1.arff', './C2F10N2Ne5A0.1R9_1.arff']
NMI
{'labelPropag': 3.9, 'fastGreedy': 2.4, 'walktrap': 2.4, 'leadingEigen': 3.6, 'infoMap': 4.9, 'multilevel': 2.9, 'edgeBetweeness': 3.2}


Rand Index
{'labelPropag': 3.9, 'fastGreedy': 2.4, 'walktrap': 2.3, 'leadingEigen': 2.9, 'infoMap': 5.1, 'multilevel': 2.3, 'edgeBetweeness': 3.0}


{'rand': {'labelPropag': [0.4444444444444444, 0.4444444444444444, 0.4444444444444444, 0.4444444444444444, 0.4444444444444444, 0.4444444444444444, 0.4444444444444444, 0.4444444444444444, 0.4444444444444444, 0.4444444444444444], 'fastGreedy': [0.4666666666666668, 0.4666666666666668, 0.4666666666666668, 0.4666666666666668, 0.4666666666666668, 0.4666666666666668, 0.4666666666666668, 0.4666666666666668, 0.4666666666666668, 0.4666666666666668], 'walktrap': [0.44444444444444453, 0.44444444444444453, 0.44444444444444453, 0.44444444444444453, 0.44444444444444453, 0.44444444444444453, 0.44444444444444453, 0.44444444444444453, 0.44444444444444453, 0.44444444444444453], 'leadingEigen': [0.4444444444444444, 0.4444444444444444, 0.4444444444444444, 0.4444444444444444, 0.4444444444444444, 0.4444444444444444, 0.4444444444444444, 0.4444444444444444, 0.4444444444444444, 0.4444444444444444], 'infoMap': [0.4444444444444444, 0.4444444444444444, 0.4444444444444444, 0.4444444444444444, 0.4444444444444444, 0.4444444444444444, 0.4444444444444444, 0.4444444444444444, 0.4444444444444444, 0.4444444444444444], 'multilevel': [0.4444444444444444, 0.4444444444444444, 0.4444444444444444, 0.4444444444444444, 0.4444444444444444, 0.4444444444444444, 0.4444444444444444, 0.4444444444444444, 0.4444444444444444, 0.4444444444444444], 'edgeBetweeness': [0.4666666666666668, 0.4666666666666668, 0.4666666666666668, 0.4666666666666668, 0.4666666666666668, 0.4666666666666668, 0.4666666666666668, 0.4666666666666668, 0.4666666666666668, 0.4666666666666668]}, 'nmi': {'labelPropag': [0.0, 0.0, 0.0, 0.0, 0.0, 0.0, 0.0, 0.0, 0.0, 0.0], 'fastGreedy': [0.14708219223672467, 0.14708219223672467, 0.14708219223672467, 0.14708219223672467, 0.14708219223672467, 0.14708219223672467, 0.14708219223672467, 0.14708219223672467, 0.14708219223672467, 0.14708219223672467], 'walktrap': [-9.751923298821974e-17, -9.751923298821974e-17, -9.751923298821974e-17, -9.751923298821974e-17, -9.751923298821974e-17, -9.751923298821974e-17, -9.751923298821974e-17, -9.751923298821974e-17, -9.751923298821974e-17, -9.751923298821974e-17], 'leadingEigen': [0.0, 0.0, 0.0, 0.0, 0.0, 0.0, 0.0, 0.0, 0.0, 0.0], 'infoMap': [0.0, 0.0, 0.0, 0.0, 0.0, 0.0, 0.0, 0.0, 0.0, 0.0], 'multilevel': [0.0, 0.0, 0.0, 0.0, 0.0, 0.0, 0.0, 0.0, 0.0, 0.0], 'edgeBetweeness': [0.14708219223672467, 0.14708219223672467, 0.14708219223672467, 0.14708219223672467, 0.14708219223672467, 0.14708219223672467, 0.14708219223672467, 0.14708219223672467, 0.14708219223672467, 0.14708219223672467]}}


------------------------------------------------------


['./C50F2N2Ne5A24.9905257444R0_1.arff', './C50F2N2Ne5A24.9905257444R1_1.arff', './C50F2N2Ne5A24.9905257444R2_1.arff', './C50F2N2Ne5A24.9905257444R3_1.arff', './C50F2N2Ne5A24.9905257444R4_1.arff', './C50F2N2Ne5A24.9905257444R5_1.arff', './C50F2N2Ne5A24.9905257444R6_1.arff', './C50F2N2Ne5A24.9905257444R7_1.arff', './C50F2N2Ne5A24.9905257444R8_1.arff', './C50F2N2Ne5A24.9905257444R9_1.arff']
NMI
{'labelPropag': 3.6666666666666665, 'fastGreedy': 6.777777777777778, 'walktrap': 1.0, 'leadingEigen': 5.555555555555555, 'infoMap': 3.4444444444444446, 'multilevel': 5.555555555555555, 'edgeBetweeness': 2.0}


Rand Index
{'labelPropag': 3.6666666666666665, 'fastGreedy': 7.0, 'walktrap': 1.0, 'leadingEigen': 5.555555555555555, 'infoMap': 3.3333333333333335, 'multilevel': 5.444444444444445, 'edgeBetweeness': 2.0}


{'rand': {'labelPropag': [0.904867469879518, 0.8939116465863455, 0.9245622489959839, 0.93285140562249, 0.9362248995983935, 0.9060562248995984, 0.9169156626506024, 0.9259116465863454, 0.9016224899598394], 'fastGreedy': [0.7974297188755021, 0.8446586345381526, 0.821558232931727, 0.8059759036144578, 0.8340562248995983, 0.8140722891566264, 0.7880160642570282, 0.8246104417670683, 0.8486746987951808], 'walktrap': [0.9813975903614458, 0.9812369477911648, 0.9815903614457833, 0.9846104417670684, 0.9831967871485944, 0.9845140562248995, 0.9806907630522088, 0.9804658634538153, 0.9760642570281124], 'leadingEigen': [0.8772369477911646, 0.8852690763052208, 0.8808032128514056, 0.900433734939759, 0.904867469879518, 0.8632289156626507, 0.8638393574297188, 0.8907951807228915, 0.8992449799196788], 'infoMap': [0.9195823293172691, 0.9228273092369479, 0.912289156626506, 0.9357751004016064, 0.9361606425702812, 0.9230522088353413, 0.9277429718875503, 0.917429718875502, 0.9140240963855422], 'multilevel': [0.8921767068273093, 0.8567068273092369, 0.9009799196787149, 0.8949397590361446, 0.8792610441767067, 0.8511164658634538, 0.8830522088353413, 0.894136546184739, 0.9012048192771083], 'edgeBetweeness': [0.9596144578313253, 0.9568514056224899, 0.96025702811245, 0.9652048192771084, 0.9607710843373495, 0.9568835341365463, 0.9613493975903614, 0.9663614457831327, 0.960128514056225]}, 'nmi': {'labelPropag': [0.7275880715989214, 0.6836393591452814, 0.7495792335344567, 0.7704901564797326, 0.7679427797000273, 0.7062697702099763, 0.733319778013526, 0.7556765639686196, 0.7027249888335829], 'fastGreedy': [0.6124609422047514, 0.6461091405353365, 0.6232037568965738, 0.6154161670310115, 0.6297730895751764, 0.6274072324780428, 0.5873759617107361, 0.6381919380944664, 0.6563282710527837], 'walktrap': [0.8681464685582811, 0.8699026576976515, 0.8766774869781523, 0.8917088994655163, 0.879857834230813, 0.880931278335801, 0.8604866857069202, 0.8664420275346363, 0.854914017371078], 'leadingEigen': [0.6627014460445543, 0.6599892789078299, 0.6732668947762664, 0.7046149214710992, 0.7058248308980412, 0.6275634029774904, 0.6522501382358468, 0.6724971363375102, 0.682400954769182], 'infoMap': [0.7318281203354767, 0.7313242326551912, 0.7205325397090724, 0.7674874266131269, 0.7655183732201627, 0.7325069026918429, 0.7534752753438635, 0.7347706087041862, 0.7216350921716567], 'multilevel': [0.6942183342597348, 0.6396200832914531, 0.7019490678786685, 0.6970332546640068, 0.6652253644356102, 0.6253162678905825, 0.6770024907467981, 0.6955150572972435, 0.7054736977066915], 'edgeBetweeness': [0.8079682609541128, 0.7967964754669087, 0.8059355323952877, 0.8295696719514829, 0.8032536457004616, 0.7912643558504217, 0.8162381791050362, 0.8300209978171201, 0.8009751151925013]}}


------------------------------------------------------


